global_signal	global_signal_derivative1	global_signal_derivative1_power2	global_signal_power2	csf	csf_derivative1	csf_power2	csf_derivative1_power2	white_matter	white_matter_derivative1	white_matter_power2	white_matter_derivative1_power2	csf_wm	tcompcor	std_dvars	dvars	framewise_displacement	rmsd	t_comp_cor_00	t_comp_cor_01	t_comp_cor_02	t_comp_cor_03	t_comp_cor_04	c_comp_cor_00	c_comp_cor_01	c_comp_cor_02	c_comp_cor_03	c_comp_cor_04	c_comp_cor_05	c_comp_cor_06	c_comp_cor_07	c_comp_cor_08	c_comp_cor_09	w_comp_cor_00	w_comp_cor_01	w_comp_cor_02	w_comp_cor_03	w_comp_cor_04	w_comp_cor_05	w_comp_cor_06	w_comp_cor_07	w_comp_cor_08	w_comp_cor_09	w_comp_cor_10	w_comp_cor_11	w_comp_cor_12	w_comp_cor_13	w_comp_cor_14	w_comp_cor_15	w_comp_cor_16	w_comp_cor_17	w_comp_cor_18	w_comp_cor_19	w_comp_cor_20	w_comp_cor_21	w_comp_cor_22	w_comp_cor_23	w_comp_cor_24	w_comp_cor_25	w_comp_cor_26	w_comp_cor_27	w_comp_cor_28	w_comp_cor_29	w_comp_cor_30	w_comp_cor_31	w_comp_cor_32	w_comp_cor_33	w_comp_cor_34	w_comp_cor_35	w_comp_cor_36	w_comp_cor_37	w_comp_cor_38	w_comp_cor_39	w_comp_cor_40	w_comp_cor_41	w_comp_cor_42	w_comp_cor_43	w_comp_cor_44	w_comp_cor_45	a_comp_cor_00	a_comp_cor_01	a_comp_cor_02	a_comp_cor_03	a_comp_cor_04	a_comp_cor_05	a_comp_cor_06	a_comp_cor_07	a_comp_cor_08	a_comp_cor_09	a_comp_cor_10	a_comp_cor_11	a_comp_cor_12	a_comp_cor_13	a_comp_cor_14	a_comp_cor_15	a_comp_cor_16	a_comp_cor_17	a_comp_cor_18	a_comp_cor_19	a_comp_cor_20	a_comp_cor_21	a_comp_cor_22	a_comp_cor_23	a_comp_cor_24	a_comp_cor_25	a_comp_cor_26	a_comp_cor_27	a_comp_cor_28	a_comp_cor_29	a_comp_cor_30	a_comp_cor_31	a_comp_cor_32	a_comp_cor_33	a_comp_cor_34	a_comp_cor_35	a_comp_cor_36	a_comp_cor_37	a_comp_cor_38	a_comp_cor_39	a_comp_cor_40	a_comp_cor_41	a_comp_cor_42	a_comp_cor_43	a_comp_cor_44	edge_comp_00	edge_comp_01	edge_comp_02	edge_comp_03	edge_comp_04	edge_comp_05	edge_comp_06	edge_comp_07	edge_comp_08	edge_comp_09	edge_comp_10	edge_comp_11	edge_comp_12	edge_comp_13	edge_comp_14	edge_comp_15	edge_comp_16	edge_comp_17	edge_comp_18	edge_comp_19	edge_comp_20	edge_comp_21	edge_comp_22	edge_comp_23	cosine00	cosine01	cosine02	trans_x	trans_x_derivative1	trans_x_power2	trans_x_derivative1_power2	trans_y	trans_y_derivative1	trans_y_derivative1_power2	trans_y_power2	trans_z	trans_z_derivative1	trans_z_power2	trans_z_derivative1_power2	rot_x	rot_x_derivative1	rot_x_derivative1_power2	rot_x_power2	rot_y	rot_y_derivative1	rot_y_power2	rot_y_derivative1_power2	rot_z	rot_z_derivative1	rot_z_derivative1_power2	rot_z_power2	motion_outlier00	motion_outlier01	motion_outlier02	motion_outlier03	motion_outlier04	motion_outlier05	motion_outlier06	motion_outlier07	motion_outlier08	motion_outlier09
271.1895992169788	n/a	n/a	73543.7987234656	326.7849096071889	n/a	106788.37714697864	n/a	189.54889797581745	n/a	35928.78472384685	n/a	192.8986015104117	288.1175199444011	n/a	n/a	n/a	n/a	0.005622696	-0.0270712271	0.0756633681	-0.0655591155	0.0055055926	-0.0841858737	0.0876940553	-0.2334500957	0.5844152798	-0.2099748066	0.1668722312	-0.4079761985	0.1152783816	-0.1262377184	0.0348503901	-0.0618747656	0.0690277104	-0.0105439323	0.0050834039	0.0358996209	-0.0259832661	0.0364765485	-0.0010433995	0.1004984586	-0.0106864227	0.0727353067	-0.1638140278	0.0146951342	-0.0293482185	0.0563539868	-0.0040998108	0.1796398335	-0.0288048087	0.041944338	-0.0090195965	0.0212874496	-0.0490371586	0.047023364	-0.0271194706	0.0284714028	-0.0410975938	-0.0017295594	-0.0144179685	-0.0765770961	0.091528985	-0.0132442107	-0.1691660545	0.0069204416	0.0804949328	-0.059412902	-0.1484222291	0.122119625	-0.0625167608	-0.067094809	-0.0274841987	-0.1667719792	0.1345581371	0.0516408465	0.011274953	-0.0608199505	-0.0803046238	-0.0552134756	0.0787219959	-0.0208638151	0.0023600996	-0.0112626076	0.0452419246	-0.0540716827	0.0562423046	-0.0133407201	0.0799844869	-0.1216762052	0.1700140511	-0.0151170764	0.0022063832	-0.1038227142	0.0956707693	-0.1418369987	0.1296639898	-0.0546239894	0.0296212963	-0.1844565365	0.060516506	-0.0903261645	0.0838778001	-0.1040578502	0.1953240334	-0.1385397495	0.0650011272	0.0194927913	0.0676421802	0.1519909138	-0.1348927047	0.0833871865	0.0588148204	-0.0964732242	-0.068279528	0.1258481408	0.0695723376	-0.0662177811	-0.1139950385	-0.1161907443	0.0536623848	0.1196493205	-0.1098963425	-0.015500697	-0.0092551368	0.0338630065	-0.0573147183	0.169375575	-0.0044866942	0.0489734366	-0.0265067823	-0.0266251837	0.0464875607	-0.0291997633	0.0936247334	-0.0758299016	0.0595810676	-0.1464542498	0.0534798407	-0.0870718292	0.0335040853	-0.2372809857	0.0039208622	0.0020342438	0.0022639476	-0.1555645875	0.1825635407	-0.0434523966	0.1195153378	0.1194927693	0.1194551582	-0.0408489	n/a	0.00166863263121	n/a	-0.0265018	n/a	n/a	0.0007023454032399	0.0176722	n/a	0.00031230665284	n/a	-0.000438852	n/a	n/a	1.92591077904e-07	-0.000647219	n/a	4.18892433961e-07	n/a	-0.00181453	n/a	n/a	3.2925191209e-06	0.0	0.0	0.0	0.0	0.0	0.0	0.0	0.0	0.0	0.0
270.2203999226497	-0.969199294329144	0.9393472721281104	73019.06453435673	320.2842410118536	-6.5006685953352985	102581.99504053914	42.2586921863786	189.5630607477032	0.0141627718857364	35934.15400003741	0.0002005841074874	192.6898925021297	281.71412420757747	1.025272	21.563793	0.05238525	0.0352102	0.0251014034	-0.1427329709	-0.0155766419	-0.0374710596	0.094865509	-0.0016333933	-0.0823402277	0.0139813215	0.2066890258	-0.1699557957	-0.016625768	-0.202648408	-0.0522802769	-0.0241937018	0.0227684585	-0.0312712894	-0.0140196098	0.1261506488	0.0408657241	0.009757686	0.0072984863	-0.0030814962	-0.0563174464	0.1535448171	-0.0370122199	-0.0647172269	-0.1301218049	-0.0906795265	0.1751194421	0.0349534498	0.0350460928	0.1465388611	0.1148576367	-0.1034058104	0.1148342542	0.0231014722	0.1009524388	0.0670161561	0.0486851028	0.0220296492	0.1040593085	-0.0614515912	-0.0011859982	-0.1022733606	0.1803301666	-0.0036302977	-0.1036843204	0.0057498375	0.0790815791	0.1250635644	0.072276803	0.0110882263	0.0499976768	-0.0174361176	0.1420262428	0.0078934197	0.0378743256	-0.0247669257	-0.0352282523	-0.02769914	-0.0246724451	-0.0790882258	-0.1092823661	-0.011714493	-0.0227638943	-0.0093942333	0.0068747626	-0.0054202687	0.0505344345	-0.0272999626	0.1279525458	-0.0159238712	0.1807112662	0.1211988859	0.0460101132	-0.0812774883	0.0408407314	0.0110264715	0.1321295255	-0.0313849467	0.2648741851	-0.0743098721	0.0360529975	-0.0139431062	0.13156485	0.0451110639	0.0235034355	-0.0633630765	0.0954727974	0.0186772335	0.143106226	0.0657777869	-0.0576756453	-0.0958140517	0.0903026916	-0.0363699913	-0.051733395	-0.1173765759	0.0033193214	0.0781715912	0.0178263538	0.0634333826	-0.0447022611	-0.0577739512	0.0072372581	-0.0486593709	0.0064671814	0.0565208313	0.0355604736	0.1520939131	-0.0409783927	-0.0578019347	0.0578602523	-0.0805921754	0.123935141	0.0302392658	0.0992288212	-0.0461367692	-0.0134763208	-0.0712836364	0.0393282467	-0.1576818136	0.0318319712	-0.1823569437	0.0653195247	0.0203824079	-0.0088065895	-0.2155053486	-0.0084177567	-0.0027999691	0.1194551582	0.1192521267	0.1189139965	-0.0328862	0.0079627	0.00108150215044	6.340459129000005e-05	-0.0202149	0.0062868999999999	3.9525111609999975e-05	0.00040864218201	0.0203594	0.0026872	0.00041450516836	7.221043840000004e-06	-0.00054403	-0.000105178	1.1062411684000008e-08	2.9596864090000005e-07	-0.00065131	-4.091000000000012e-06	4.242047161e-07	1.6736281000000097e-11	-0.00121483	0.0005996999999999	3.5964008999999986e-07	1.4758119289000002e-06	0.0	0.0	0.0	0.0	0.0	0.0	0.0	0.0	0.0	0.0
270.3747685543572	0.1543686317075412	0.0238296744552585	73102.51547082223	318.55525438490554	-1.7289866269480854	101477.45009623189	2.989394756165318	189.4451269360896	-0.1179338116135966	35889.4561198311	0.0139083839217112	192.5055437075568	282.785723473662	1.066519	22.431299	0.0290725499999999	0.0124654	-0.0206220929	-0.0753575282	-0.1326260103	-0.0879117858	-0.0239231622	0.0009465337	0.1064089511	0.1033470847	0.0446641313	-0.0314619477	-0.0044417656	-0.1728203215	-0.0310049589	-0.090672323	-0.0816384246	0.1351432913	-0.035750634	-0.0146287117	-0.0100018579	-0.0126795504	0.0590529323	-0.0426470495	-0.0084366918	0.0739435576	-0.0277461579	0.0417847839	-0.0390040174	-0.0455968186	0.0929483895	0.0495512417	0.115735824	0.0279976951	-0.0058303107	-0.0613179066	0.0388498581	0.1170981306	0.0818073615	-0.1620630967	0.0698313248	-0.086057844	-0.0750798208	0.0217900712	-0.0260020344	0.0815007201	0.0877656099	-0.1552765999	0.0447927372	-0.0051138813	0.1012650632	0.0907193273	0.0462698005	-0.0958334342	0.1942433399	-0.006645442	0.001096861	0.1687159671	-0.085266846	-0.0351325096	0.0003670993	0.1804050664	0.0683870759	0.1320858555	-0.0567697751	-0.0232377603	0.0078436213	-0.0097200741	-0.0537760946	0.0433792721	-0.0338442353	-0.0490077977	0.0732697774	-0.0420347823	0.022550629	0.0417957756	0.0541306664	-0.1132453085	-0.018664957	-0.0169990476	0.0976255413	-0.0216543149	0.0122123901	-0.0867944948	0.1022089215	-0.0363086666	0.0525229983	0.1452904236	-0.0144149999	0.0105217796	-0.0431551296	-0.1375088258	-0.0290515856	0.0715719069	0.0104335625	-0.1216445654	-0.2074633376	0.0677728505	0.0236813465	-0.1105729859	-0.0105519016	0.1755928676	0.1297328973	0.0707881098	-0.0180043578	-0.1121478369	-0.033072764	0.0202989655	0.0059143209	-0.1037434044	0.0129663894	0.0598614155	0.0609442998	-0.1068768327	-0.0116096058	0.0503983532	0.1321054005	0.0339724255	0.0474801073	-0.0001351976	0.0729582031	-0.0750216852	0.0842940057	-0.0786304454	0.0080723531	-0.0812894476	0.1681405686	-0.1453767995	0.0225160698	-0.1411877801	-0.0309520119	-0.0879072906	0.1193348294	0.1187713263	0.1178341246	-0.0274899	0.0053962999999999	0.00075569460201	2.912005368999996e-05	-0.0252908	-0.0050758999999999	2.5764760809999977e-05	0.0006396245646399	0.0218791	0.0015196999999999	0.0004786950168099	2.3094880899999965e-06	-0.000413393	0.000130637	1.7066025769000004e-08	1.70893772449e-07	-0.000530574	0.0001207359999999	2.815087694760001e-07	1.4577181695999997e-08	-0.00130507	-9.02399999999999e-05	8.143257599999982e-09	1.7032077049e-06	0.0	0.0	0.0	0.0	0.0	0.0	0.0	0.0	0.0	0.0
270.17068931159235	-0.2040792427648625	0.0416483373274797	72992.20136310096	317.8044682588829	-0.7507861260226605	100999.6800453113	0.5636798070281143	189.499893915956	0.0547669798664003	35910.209794158574	0.0029994220836866	192.5293584527426	283.2904184169015	1.070186	22.508436	0.038997	0.019812	-0.0025095902	-0.0605970834	0.0609874148	-0.0882580897	-0.0761103989	-0.0120334762	0.0818315411	-0.0919966276	-0.0787210132	-0.0123059095	-0.0608356081	0.0083712155	-0.1130891471	-0.0725369579	0.0566370037	0.011596604	0.0439737879	-0.1137535562	-0.024639381	0.0122670486	-0.0551861734	0.0470102654	0.0961948854	0.0084280283	0.0358616247	0.0549876547	-0.0481037003	-0.1255806269	0.1344763952	-0.0998084353	0.0312987898	-0.0142286445	0.0125138793	0.0414903984	-0.1637666145	0.0075155103	-0.1519957073	0.0863290388	-0.0105025368	0.0482861843	0.0483005943	0.2567076907	0.039745806	0.1676260051	0.1909255727	0.020319937	-0.0899365586	-0.0911846473	-0.0256310135	-0.0605720793	-0.0107707213	-0.0050499517	-0.0638198617	0.1131742512	-0.0575701702	0.0498314	0.0587744431	0.1077300025	-0.0573713165	0.1114728422	0.0640542374	0.0716889655	0.1213943902	-0.0043089995	0.0181309501	0.0313307643	0.0673583463	-0.1216403365	0.0068036611	-0.0164186144	0.0309243379	-0.148747684	0.0273216694	0.0526042474	0.0975504277	0.0811654918	-0.0679107295	0.0447596377	-0.1143174678	0.0179043906	0.0021729613	-0.0188260343	-0.1813445324	-0.0467090671	-0.0330434959	-0.1500452297	-0.0024315876	-0.1299597493	-0.1401581678	0.1460521905	0.0089227877	0.193711859	0.0188538092	-0.1174252999	-0.0151828953	0.0158841319	0.0197069778	0.0177924054	-0.0368232465	0.0840758755	-0.0490510643	0.0031609524	0.0269855392	0.0839010223	0.1888936036	-0.074739204	0.0024752369	0.0061135497	-0.1119190198	0.0958803929	0.0348819955	0.0289196635	-0.0011881081	0.0916960856	0.1107216752	0.0500968753	0.0675791682	-0.0667014152	-0.0499964065	-0.0777601166	-0.1007433185	-0.0772738054	0.0581090188	-0.1067265659	0.0235295836	0.0403261814	0.0266401724	-0.14823174	0.1428404871	0.0657137474	0.1191544118	0.1180513362	0.1162204348	-0.0273798	0.0001101	0.0007496534480399	1.2122010000000411e-08	-0.014149	0.0111417999999999	0.0001241397072399	0.000200194201	0.0247427	0.0028636	0.00061220120329	8.200204960000004e-06	-0.000112708	0.000300685	9.041146922500003e-08	1.2703093264000001e-08	-0.000472349	5.822500000000002e-05	2.23113577801e-07	3.390150625000002e-09	-0.00144379	-0.0001387199999999	1.9243238399999986e-08	2.0845295641e-06	0.0	0.0	0.0	0.0	0.0	0.0	0.0	0.0	0.0	0.0
270.7087011672372	0.5380118556448679	0.2894567568144341	73283.20088765255	317.7868480764586	-0.0176201824242525	100988.4808103702	0.0003104708286639	189.7465003497531	0.2466064337970976	36003.73439497885	0.0608147331901223	192.8346302676273	284.42741628743835	0.992752	20.879818	0.095521459	0.0609884	-0.0479064663	-0.0586266798	0.0887233582	-0.0474406119	0.0032081054	-0.030757582	-0.0026283103	-0.1153912844	-0.0841689063	0.0142278514	-0.0447575687	-0.0668006814	-0.0647033191	0.079359644	-0.0251703982	-0.062831608	0.0079626502	-0.0713530341	-0.0505712905	0.0356531341	-0.0317326724	0.0400431693	-0.0311228406	0.025260059	0.0400121076	-0.0806618689	-0.0089746088	-0.0181493308	0.0993734217	-0.0513433017	0.0274243593	-0.1010775319	-0.074974099	0.0470469286	0.1130253941	0.1100525076	0.0098621645	-0.0163161966	0.0920761194	0.0526728017	-0.0975071021	-0.0291050843	-0.1188574518	-0.045413803	-0.0536416579	0.142021926	-0.0533703363	-0.0446226536	0.017550122	-0.0238399209	-0.0657958122	-0.0289142138	0.0690117902	0.1436947608	0.0029448422	0.0700067618	0.0488433984	-0.1129055681	-0.1590980958	0.1691230676	0.1200606772	-0.0284125829	0.0848983916	0.0324406219	0.0385146761	-0.0243462073	0.047552356	0.0363317591	0.0639372959	0.0504752995	0.0263374562	0.0794998769	0.0062606563	0.0138693117	0.0286582358	-0.0079545409	-0.0504642566	0.1165212787	-0.1349839319	-0.0670908308	-0.0332057949	-0.0807483997	0.0672186788	-0.0084449162	0.0298866488	0.0263251735	-0.069636663	-0.0445708386	-0.0400396494	-0.1276227625	-0.1093844695	-0.0595124915	-0.0248187417	0.0879714736	0.1062563537	0.1413441883	0.0636440363	0.0682632111	-0.1146794289	0.1517580059	-0.0801942741	-0.0085269543	0.0793670317	-0.138499431	0.1387537868	0.114913371	-0.0484929972	0.0800040036	-0.0238939689	0.0422043596	-0.0115088219	0.0929401023	-0.0849931748	0.0432533683	0.0301018649	-0.0052352467	0.0584556983	0.0438572956	0.0440282175	0.0478394879	-0.0085744819	-0.1761080184	0.0775865086	-0.0439145965	-0.0206372791	-0.0430521348	0.0232903169	0.0410587727	-0.1013309806	-0.1518747494	0.1189139965	0.1170936064	0.1140802373	-0.0328791	-0.0054993	0.00108103521681	3.0242300490000025e-05	0.000943959	0.015092959	0.0002277974113756	8.91058593681e-07	-0.0274623	-0.052205	0.0007541779212899	0.002725362025	0.000240426	0.000353134	1.24703621956e-07	5.780466147599999e-08	-0.000573699	-0.00010135	3.29130542601e-07	1.02718225e-08	-0.00144379	0.0	0.0	2.0845295641e-06	0.0	0.0	0.0	0.0	0.0	0.0	0.0	0.0	0.0	0.0
270.94956609877465	0.2408649315374305	0.058015915244531	73413.66736911425	318.5499217273256	0.7630736508669997	101474.05263248528	0.5822813966474918	189.92714599770224	0.1806456479491487	36072.3207868325	0.0326328501229677	193.0179749132499	287.7394276387274	0.985708	20.731661	0.059260631	0.0344333	-0.0751216182	-0.0016553977	0.0339290592	0.0416268286	0.1149875084	-0.0270061589	-0.1452592091	-0.0153099644	-0.0247052209	0.0602185873	-0.0076332921	0.0220810296	0.0274751181	0.0839549966	-0.0737046408	-0.1274939247	0.0011259916	0.0449636854	-0.0325333822	0.0781345041	-0.0273134408	-0.0433220593	-0.1102752935	-0.0895939537	0.0476982919	-0.0054269684	0.1178352018	-0.084569295	0.0464020549	-0.027746879	0.0887962629	-0.0602821831	-0.1437916545	-0.0628525991	0.0200525311	-0.0056964587	0.1194625115	0.0073912429	0.0755899353	0.0892149178	-0.0426505459	0.054789566	0.0927453386	0.0955819133	-0.0868017946	0.0139127146	0.0554705816	-0.033774007	-0.1439214753	0.1380059545	-0.1362732791	-0.0115734341	0.0246755276	0.07803558	0.0629070593	-0.0983997022	0.1162166975	-0.0650914742	0.10194101	0.0512923702	-0.0298028114	-0.1359804291	-0.0002814526	0.0302778066	0.041863318	-0.0545211364	0.0464356763	0.1169199596	0.0086543385	0.0751526169	-0.0789250614	0.002008228	-0.093471321	0.0536210662	0.0366206033	0.0284314034	-0.1007851413	-0.005914499	-0.0803862624	-0.1311182366	-0.034734843	0.0272155989	0.039091609	0.0576856794	0.0899492172	0.0957819765	-0.104644492	-0.1217476264	-0.0013594073	0.0307095501	-0.0333525074	-0.0136467655	0.0870143779	0.0509482938	-0.0411651963	-0.198312362	0.0086056409	0.0170810248	-0.163623673	0.0550888712	0.0105772025	-0.0513805291	-0.0662966569	0.0473463138	-0.1508987605	-0.1228371376	-0.0744506094	0.0426029578	0.0631828944	0.0242760327	-0.0481331529	0.0195293954	-0.0686178877	-0.0914370172	-0.0113282942	-0.1400546918	0.0594995805	0.044275225	0.1164677953	-0.0501461051	-0.0435442987	-0.0231768588	0.0699863811	-0.0066713676	0.0426918101	-0.0488033906	0.026001934	0.0706520989	0.0180520012	0.0806524379	0.1186137044	0.1159000657	0.1114232278	-0.0393726	-0.0064934999999999	0.00155020163076	4.216554224999999e-05	0.00919454	0.008250581	6.8072086837561e-05	8.453956581159999e-05	-0.0503198	-0.0228575	0.0025320822720399	0.0005224653062499	0.000611221	0.000370795	1.3748893202500006e-07	3.73591110841e-07	-0.000636085	-6.2386e-05	4.04604127225e-07	3.892012996e-09	-0.00144379	0.0	0.0	2.0845295641e-06	0.0	0.0	0.0	0.0	0.0	0.0	0.0	0.0	0.0	0.0
270.4465052460819	-0.5030608526927267	0.2530702215119332	73141.31219981902	318.1113137531474	-0.4386079741782396	101194.80793775336	0.1923769550127393	189.6812628164324	-0.2458831812698463	35978.9814636365	0.0604585388313801	192.7714937433257	285.1717234282844	0.962512	20.243795	0.07433027	0.0426159	-0.0728686012	0.0087240227	-0.1195007227	0.0884959317	0.0982840261	-0.0263128433	-0.0465237838	0.1580198504	-0.0049571995	0.0364514558	0.0209890386	0.0737484309	0.0932386576	-0.0225561993	0.0173639035	0.0340990273	-0.0831974569	0.1163940383	-0.0650943376	-0.0596152889	0.0292491385	-0.0214807767	0.0328561445	-0.077860652	0.0542687477	0.1554022958	0.098378271	0.0505623137	0.0267174764	0.1079236908	-0.0399880969	-0.0214820193	-0.0979313827	-0.0810470285	-0.0688689635	-0.0442295301	0.0648858236	-0.0418093673	0.1126961392	0.0715730335	-0.0267531501	-0.0017468181	0.1296889213	-0.0120504332	-0.1162911382	0.0120966972	-0.1880616335	0.1000337623	-0.0589343896	-0.0359187296	-0.019699172	-0.0372092554	-0.1207672009	-0.1102116987	-0.1234612749	0.0233014331	-0.0141048988	-0.2826726045	0.0639064872	-0.0062033845	-0.0169375798	-0.0076386593	-0.1428814498	0.0292740134	0.0779302497	0.0247512467	-0.0592155536	-0.0233928114	-0.049195842	0.044334816	-0.0342036806	-0.091088943	-0.1394780733	-0.0707235443	0.0023443208	-0.0052207578	0.0556073623	-0.0126102305	-0.038685109	-0.0930675585	-0.090428148	0.1223242692	0.0109228207	-0.0006017963	0.029506782	0.0744355266	-0.0888111292	-0.1193890392	-0.0318723685	0.0459856262	-0.0550813821	-0.0768624784	-0.097735067	-0.0304633094	0.0383144236	-0.0369102859	-0.1375049028	0.1218293659	-0.0377632456	-0.1923265981	0.0553479843	0.0501078884	0.236921616	-0.08712595	-0.1128888754	-0.0405413097	-0.0610001474	-0.0920753812	0.0664700763	0.0250261802	-0.0545000776	-0.1040329489	0.0358139983	-0.041309247	0.0139265529	-0.1188002284	0.0563514557	-0.0109128455	0.1039628177	0.0621350349	-0.0380761678	-0.0114947564	0.074708264	0.0134537198	0.0050979944	0.0436506639	0.0080616649	0.1072730902	0.0472153266	-0.0703910091	0.1182536866	0.1144731177	0.1082614433	-0.0458946	-0.006522	0.00210631430916	4.2536484e-05	0.0085539699999999	-0.00064057	4.103299249001267e-07	7.31704027608983e-05	-0.0249285	0.0253913	0.00062143011225	0.00064471811569	0.000102869	-0.000508352	2.58421755904e-07	1.0582031161e-08	-0.000412019	0.0002240659999999	1.6975965636100004e-07	5.0205572355999996e-08	-0.0015469	-0.00010311	1.0631672100000002e-08	2.39289961e-06	0.0	0.0	0.0	0.0	0.0	0.0	0.0	0.0	0.0	0.0
270.1720871237712	-0.2744181223107489	0.0753053058525571	72992.9566608146	317.9088810056025	-0.2024327475448899	101066.05662223432	0.0409790172785731	189.4047894315624	-0.2764733848700018	35874.17425961449	0.0764375325414761	192.46919266251493	284.9865816084005	0.986097	20.739849	0.05137317	0.0257124	-0.0638316075	-0.0027855066	-0.0590437197	0.1174528996	-0.0923817797	-0.0450636545	0.1005185073	0.0351316353	-0.092169748	-0.0484094957	0.0183661676	0.0635710577	0.0578341973	-0.0900722851	0.0211362995	0.1275568193	-0.0277962872	-0.0650727158	-0.0992048641	-0.0217475505	0.0544674954	-0.0344510991	0.0269003774	0.0005800411	0.0194568235	-0.0308722577	-0.1557316627	0.0071611015	-0.0710879376	0.0053099759	0.0736505476	-0.0616058697	0.0273262695	0.0616637576	-0.0250274952	0.0754764687	-0.1283486488	-0.0758428684	-0.0175747515	-0.0804437547	0.0678671753	-0.0381276895	0.1832706176	-0.0721174861	-0.031047667	-0.1208634608	0.0142320277	-0.0412996044	-0.2468772418	0.0833290889	0.0185332576	-0.0041824842	-0.0821262091	0.1099699086	-0.0062134899	-0.0450997087	-0.0915694713	0.0408430922	-0.0315367787	-0.0491423648	0.0070908979	0.1549345357	0.0112122828	-0.0075914303	0.0960393588	-0.0229377146	-0.052061351	-0.0359261424	-0.0405301596	0.0242876148	0.0175037654	-0.0236580151	0.148351492	0.0414142319	-0.0471386569	-0.023807572	-0.0508746887	-0.0005376153	0.0314763147	0.0504319866	-0.0916658635	0.0102087743	0.0147955955	-0.0581435447	-0.1060612108	-0.0416845695	0.0590656947	0.0326600376	-0.0671928925	0.0801183542	0.0356149214	-0.2125546567	0.0975953965	-0.0571075841	-0.0528877423	-0.0966033965	-0.0749750851	0.070551957	-0.1813604539	-0.002060735	-0.0741145447	0.094637925	-0.0207897886	-0.0338925216	-0.0253185291	0.0886336147	-0.0542247992	-0.0699301298	-0.0811341677	-0.033344108	-0.0117341263	-0.031601319	0.0131323223	0.0987256272	0.0130231939	-0.0107042821	0.0829423152	-0.0215975734	0.0401832465	0.0722991838	-0.0113479481	0.0002987389	0.0074843168	-0.0178816311	0.0454364321	0.0041479051	-0.0132466637	0.1357326391	0.1437805476	0.1557672726	0.1178341246	0.112815636	0.1046092073	-0.0440317	0.0018629	0.00193879060489	3.4703964100000023e-06	-0.00661155	-0.0151655199999999	0.0002299929968703	4.37125934025e-05	-0.0301753	-0.0052467999999999	0.0009105487300899	2.7528910239999996e-05	0.000371841	0.0002689719999999	7.234593678399998e-08	1.38265729281e-07	-0.000202142	0.000209877	4.0861388164e-08	4.404835512900002e-08	-0.00144379	0.00010311	1.0631672100000002e-08	2.0845295641e-06	0.0	0.0	0.0	0.0	0.0	0.0	0.0	0.0	0.0	0.0
270.3002612146713	0.1281740909001314	0.0164285975780751	73062.23121271955	317.0467430640911	-0.8621379415113779	100518.6372875478	0.743281830193476	189.2947473932695	-0.110042038292903	35832.501390681704	0.0121092501916567	192.37877150274664	284.44763975305074	0.951737	20.017191	0.0668728999999999	0.0297298	-0.0172754507	-0.0326199055	0.0573485742	0.1765644515	-0.0561083924	-0.0172595696	0.0256496904	-0.1158400299	-0.1270801156	-0.0188181412	0.0398298506	0.0254866193	-0.059574987	0.0343145941	-0.0302028307	-0.0077147451	0.0963826163	-0.0712412742	-0.0305541697	-0.0601494628	0.0550480254	0.0344489637	-0.0041842861	-0.0357188296	-0.0894219525	-0.0060468061	-0.0280674627	-0.0996435205	-0.1762718994	0.0418476097	0.0121234453	-0.0622951018	0.0243567553	-0.0075871001	-0.0332702555	0.0147266668	0.0056685105	0.0441731456	-0.0329685269	-0.1623864903	0.0721105405	0.1483433559	-0.0183965755	0.0273584323	0.0154960163	0.1237451108	-0.0104153589	0.0735016758	0.040684934	0.0027416151	0.0467816429	-0.0265085883	0.044401062	0.1634716299	-0.0953581852	-0.0334958772	0.062638964	0.0364742844	-0.1463516155	-0.0700413116	0.0488295884	0.0017952487	0.1084117829	-0.0572381432	0.0150860325	0.0393070249	-0.0726181024	0.0044275266	0.0564271089	-0.0858475738	-0.0333353192	0.0108495378	-0.0042572452	0.0861559721	-0.1159650203	0.071817508	0.0259294195	0.0174492799	0.0659761151	0.0028670982	-0.1284175581	0.033484553	-0.0437301575	-0.031314413	-0.0523471339	0.025977452	0.0255444257	0.1469976439	-0.1535443047	0.1075402588	-0.039435491	0.1197944836	-0.1013778658	-0.0327827977	0.0558654253	0.0115662741	0.0758119335	0.0046610823	-0.0817602116	0.0047074121	-0.1171482451	-0.1439591302	-0.0008387979	-0.0415756574	0.185500609	0.121962953	-0.0326307271	0.0641422135	-0.0633387184	-0.0293465093	0.0082656527	0.0843305686	-0.0989268245	0.0469498494	-0.004895456	0.0536223388	0.0864988884	0.0209688116	0.0179332694	0.1957017147	-0.00954884	0.0157088425	-0.0485288187	0.0495816515	0.0353038519	0.0680487736	0.0124730657	0.0539836409	-0.114988958	0.0347413167	0.1173552296	0.1109309587	0.1004830656	-0.0328731	0.0111585999999999	0.00108064070361	0.0001245143539599	-0.0194139	-0.01280235	0.0001639001655225	0.00037689951321	-0.021097	0.0090782999999999	0.000445083409	8.241553088999996e-05	0.000211965	-0.0001598759999999	2.5560335376e-08	4.4929161225e-08	-0.000412019	-0.000209877	1.6975965636100004e-07	4.404835512900002e-08	-0.00113687	0.00030692	9.419988640000001e-08	1.2924733968999998e-06	0.0	0.0	0.0	0.0	0.0	0.0	0.0	0.0	0.0	0.0
271.0290973576503	0.7288361429789916	0.5312021233124931	73456.77161450268	317.7361049995461	0.6893619354549969	100956.2324202826	0.4752198780542593	189.5039031856301	0.2091557923606046	35911.72932258866	0.0437461454779923	192.5427860817529	287.1233049403476	0.928366	19.525648	0.0673056999999999	0.0398112	-0.0400839608	0.003884126	0.0208137425	0.1836794468	0.0788707566	-0.0131931728	-0.1208793155	-0.0245160478	-0.036200222	0.045770141	0.0351139667	0.0040391571	-0.0372560673	0.0699485006	-0.1230985108	-0.0716788658	0.0833376997	0.0470108038	-0.0382035634	-0.0279170238	0.0484688076	0.0361974267	-0.1203137585	-0.0407119257	-0.1609780245	0.0817616559	0.0372457291	-0.0761498019	-0.016992628	0.0629194932	0.0050456732	0.0178235128	-0.0514981384	0.0171573992	0.0193104012	-0.167478257	0.1036077173	0.134679568	0.0747728954	-0.026232671	0.0303156236	-0.0533949696	-0.171155831	-0.105917243	0.1265059183	0.0111795092	0.1125832497	0.0038275644	0.0213874029	-0.1011789068	-0.1262825645	0.0119280894	0.1156437133	0.0374201423	-0.0219836712	-0.0056049182	-0.0242590193	-0.0451443224	-0.0746260669	-0.0699360749	-0.044878776	-0.1042811524	0.0310856101	-0.063159422	0.031411153	0.0076265895	-0.0495447315	0.109483822	0.1053845362	-0.1231712394	-0.0533096415	-0.0676794819	-0.0453667243	0.0125918253	-0.0908087321	0.0119190659	0.0051973167	-0.0065349707	-0.0124567812	-0.129565551	0.0480249108	-0.0059361417	-0.1055967314	0.0821056422	0.0316529217	0.1252959794	0.01106088	0.0887379875	0.1228551119	-0.0787904755	0.1415521994	0.0611916608	0.034006075	0.050542716	0.0554872346	0.1483693899	0.1410776116	0.1626213762	0.053942832	0.009806061	0.0820723769	-0.1427700537	-0.0735725428	-0.1021899239	0.0593327573	-0.0455419664	-0.0495858234	0.072293424	0.0520200619	-0.000775869	-0.0430034759	0.0596647525	-0.0661783382	-0.0904031392	-0.0870934964	0.0484878618	0.0181377096	0.0747773192	0.0915445089	0.1531276771	0.0187367103	0.0333885488	0.0643925565	0.034611991	0.1729930028	0.0569167697	-0.0791500076	0.055910748	-0.036732859	-0.101909191	0.1168172427	0.1088228812	0.0959017104	-0.0328548	1.8299999999998876e-05	0.00107943788304	3.3488999999995876e-10	0.0157674	0.0351813	0.00123772386969	0.00024861090276	-0.0342233	-0.0131262999999999	0.0011712342628899	0.0001722997516899	0.000352205	0.00014024	1.966725760000001e-08	1.24048362025e-07	-0.000234913	0.000177106	5.5184117569e-08	3.1366535236e-08	-0.00107462	6.22499999999998e-05	3.875062499999976e-09	1.1548081444e-06	0.0	0.0	0.0	0.0	0.0	0.0	0.0	0.0	0.0	0.0
271.3652174825445	0.3361201248941938	0.1129767383588884	73639.08125934868	319.0714453780385	1.3353403784923898	101806.5872556306	1.783133926432199	189.8295004752817	0.325597289651597	36035.23925069497	0.106013595028466	192.88650934651605	291.62195915394585	1.106737	23.27718	0.0577482395	0.0304501	-0.0623502445	0.1395372322	-0.0822367667	0.0757985849	0.0655942982	-0.0404970779	-0.0696025033	0.1128868948	0.0660315743	0.1377467944	0.0319988354	0.1061428072	0.0390318268	-0.0149362142	-0.0797798161	-0.0419940572	-0.06552132	0.1251337203	0.0206147637	-0.0387725833	-0.0558015403	-0.0681722965	0.1514949702	-0.0625002861	0.0065233103	-0.0093028257	0.1374082291	0.0462258212	0.0311237241	0.0345096487	0.0802050415	-0.0456968549	0.0769708298	-0.0537789297	-0.0349272821	-0.1482308564	-0.0328732005	0.0321408	-0.1371040578	-0.0526219247	0.087260581	-0.0300858209	0.1254720378	-0.1280166916	0.0014693137	-0.1199337379	0.0924356899	-0.0095952532	0.02852041	0.1076160936	-0.1734852677	0.1628603383	0.0999042001	0.0807398008	-0.0874376036	0.0435011569	0.0066260583	0.0221033658	-0.0345670663	-0.0734841247	-0.0451507261	-0.0770876464	-0.1183749059	0.0413954108	-0.0122783264	0.0863598902	0.0350054718	-0.0489666887	-0.1377557545	-0.006029632	-0.0480579874	0.0415937565	-0.1379499995	0.0379072447	0.0811205228	-0.071330015	-0.0768895824	0.0494559577	0.0428616999	0.039164211	0.0209597897	0.1437453622	-0.0517881366	0.061623943	-0.0160211917	0.0058435726	0.1534048989	0.0337335319	0.073111869	0.2149270452	0.0588189784	-0.1171118544	-0.0466405617	0.0455723745	-0.0491066034	-0.0236093269	0.0856337275	0.1597110074	-0.0451970629	0.195644253	0.0517187373	-0.0542495267	-0.0328670368	-0.0257505942	0.0243262678	-0.0255150357	-0.0185417184	-0.1189179136	0.0441585323	-0.0129882614	0.013213093	-0.0686831375	0.0580137295	-0.1055276884	-0.0824292999	-0.0044462707	-0.0815350693	0.0142600892	0.1000759251	0.071646587	-0.0572812408	0.0690594036	-0.0014725539	0.0075925837	0.0666395661	-0.0757059758	-0.0794285062	-0.0372334169	0.0270343423	0.0823623779	0.1162204348	0.1064956489	0.0908858965	-0.0328385	1.630000000000381e-05	0.00107836708225	2.6569000000012427e-10	0.0201513	0.0043839	1.921857921e-05	0.00040607489169	-0.0204509	0.0137723999999999	0.00041823931081	0.0001896790017599	3.56021e-06	-0.00034864479	1.2155318959414414e-07	1.26750952441e-11	-6.5701e-05	0.000169212	4.316621401e-09	2.8632700944000008e-08	-0.000800964	0.000273656	7.488760633600004e-08	6.415433292960001e-07	0.0	0.0	0.0	0.0	0.0	0.0	0.0	0.0	0.0	0.0
270.942208315403	-0.4230091671415152	0.1789367554857584	73409.68024682722	319.161017055202	0.0895716771635193	101863.75480771095	0.0080230853498857	189.91482103802	0.0853205627383033	36067.639249903164	0.0072795984259807	192.95477672907103	292.147059673374	1.142385	24.026947	0.0715789895	0.0413294	-0.0417348229	0.0984637959	0.073394689	-0.0053540234	-0.041105572	-0.0440129687	0.0541400975	0.0365133391	-0.0211096116	-0.0316786919	-0.1778962176	0.1237164737	0.0716547212	-0.0302964024	0.0912491274	0.0310142843	-0.1217053104	-0.0580303835	-0.0415242392	0.1362019053	-0.0498523521	0.083390506	0.0704812943	0.0235122937	0.1106378419	-0.030760822	-0.1239374859	0.1713863207	-0.0008524863	0.0262630714	0.0855302839	-0.0386195974	-0.0713732404	0.1545768736	-0.0609248	0.0744826672	-0.0102621123	0.0125652586	0.0305192567	-0.0464533742	0.0884091353	0.0149791347	-0.0335241768	-0.127426208	-0.0912341136	-0.0163151209	0.0071381911	0.0390012443	0.0068488905	0.1250842852	0.0753042203	0.0367945158	-0.1730110625	-0.0665454091	-0.0466611878	-0.0274078095	0.0089994762	-0.0189668487	0.0613380533	-0.0200791721	-0.0967295914	0.0813222158	-0.0131078786	0.1064118995	0.0437271173	-0.115518555	0.1245795737	-0.0893416002	0.0130688856	0.0983027349	0.0083107504	0.0651344904	0.1062786818	-0.0965101027	-0.001017064	-0.1231510761	-0.0034909859	-0.0286830428	-0.0037194192	-0.041090634	-0.1878226321	-0.1036166001	-0.0531709967	-0.0008588851	-0.1058972698	0.0286035347	-0.0183029638	0.0467890894	-0.0158830427	0.0165190716	0.1297435792	-0.1109367799	-0.0804748994	-0.0140658444	0.0757676152	-0.0892787099	0.0330669337	-0.0520915598	-0.0172712243	-0.082189659	-0.0278876183	0.1638443521	0.0275775242	0.0938496712	-0.0275523738	-0.1305307354	-0.0396367884	0.0176610525	-0.0887436319	-0.0323595267	-0.0104816483	0.0037950733	0.1298748985	0.1076957668	-0.0050154566	0.0033818663	-0.0892816379	0.0515443863	-0.0054383421	0.0247499686	-0.0356643375	0.1070492026	-0.0685721377	0.0516235287	0.0815254286	-0.1524953922	0.0012190455	-0.0083831281	-0.0105101885	0.0894163164	0.1155651064	0.1039539485	0.0854583468	-0.0328647	-2.619999999999706e-05	0.0010800885060899	6.864399999998458e-10	-0.0022926	-0.0224439	0.00050372864721	5.25601476e-06	-0.0251237	-0.0046727999999999	0.00063120030169	2.183505983999998e-05	0.000544726	0.00054116579	2.928604122663241e-07	2.967264150760001e-07	-0.000115891	-5.0190000000000006e-05	1.3430723881e-08	2.5190361e-09	-0.00109833	-0.0002973659999999	8.842653795599999e-08	1.2063287889e-06	0.0	0.0	0.0	0.0	0.0	0.0	0.0	0.0	0.0	0.0
270.1747930942546	-0.7674152211483829	0.5889261216502214	72994.41882352329	318.07432794474204	-1.0866891104599858	101171.27809749932	1.1808932227923152	189.7472543465103	-0.1675666915097053	36004.02053203927	0.0280785961035087	192.8092321816503	284.6017218843018	1.081315	22.742498	0.03536148	0.0178415	-0.0077540599	-0.0290458416	0.0267803917	-0.0592814378	-0.0680945048	-0.0193907896	0.0433077695	-0.0854410681	-0.0980895106	0.0082439164	-0.0137244811	-0.0223170536	0.05077092	0.1088337234	0.149969972	-0.072400797	-0.0237354239	-0.1189636013	-0.0424829983	0.1184813814	-0.0218186306	0.0274967905	0.0236069842	-0.0916829149	0.1628401066	0.1395626768	0.0479652769	-0.1126886415	0.0422306487	-0.1275491562	0.0780293055	-0.032281695	-0.0251187084	-0.0294472375	0.1151170606	0.0191526168	-0.07255288	0.0991980497	0.0210050503	0.1373273604	-0.0920831141	-0.1344669387	-0.0523912131	-0.0237164184	-0.0470666156	0.0864080844	0.0515804003	0.1502031858	-0.0108685907	-0.085948252	0.1870231954	-0.0834176697	-0.1201997399	-0.0889941736	0.1190105252	0.0686620328	-0.0120161735	0.0098919761	-0.0420335194	0.0266438806	0.0688843657	0.0069011054	0.1129883682	0.0828005813	0.0396509011	-0.1053212941	0.0839672781	-0.0585390103	-0.0081457542	0.1627629364	-0.0529291584	-0.1076434081	-0.1230394314	0.0411579504	-0.1099511249	0.0066689632	-0.1174622315	0.0608812639	-0.1087218269	-0.0923862494	0.0571485473	-0.0594241923	-2.28142e-05	0.0410300133	-0.0139524394	-0.0651936064	-0.0654669027	-0.0151539187	0.1514381297	-0.1391965844	-0.0635712255	-0.0150047466	0.0699964647	-0.0357218509	0.0514221433	0.0773494647	-0.1368184835	-0.183331428	0.0647001838	-0.0890490017	-0.0410200335	0.048611737	0.0563855641	0.0008304779	0.1094710342	-0.0285190762	-0.0516728234	0.0410388481	0.0087854596	0.0249155171	-0.0511087062	0.0987082182	-0.082801226	0.0672899813	0.0081860397	-0.0307866418	-0.0777170585	-0.0546292724	-0.0354352232	-0.0165496676	-0.1069928701	0.017178768	0.017087895	0.0236210667	0.121281236	-0.0245566362	0.136535556	0.1440094495	0.0863153777	0.0957680116	0.1148515874	0.1012028987	0.0796436494	-0.0356106	-0.0027459	0.00126811483236	7.539966810000014e-06	0.00826018	0.01055278	0.0001113611657284	6.82305736324e-05	-0.0323013	-0.0071775999999999	0.00104337398169	5.151794175999999e-05	0.000751032	0.0002063059999999	4.256216563599999e-08	5.64049065024e-07	-0.000171229	-5.5338e-05	2.9319370441000006e-08	3.0622942440000006e-09	-0.00113439	-3.6060000000000085e-05	1.300323600000006e-09	1.2868406721e-06	0.0	0.0	0.0	0.0	0.0	0.0	0.0	0.0	0.0	0.0
270.2202941449108	0.0455010506561848	0.0020703456108166	73019.0073677621	317.174467846056	-0.8998600986860197	100599.64305342882	0.809748197207213	189.56042611616104	-0.1868282303492492	35933.15514934055	0.0349047876554321	192.6197590763645	281.5977993771181	0.988358	20.787403	0.065279714	0.0401688	-0.0305319675	-0.0830356705	-0.0459086156	-0.0341536756	-0.0178355995	0.0141594127	-0.1305625654	0.0502123432	-0.0482191649	0.017301258	0.1152483079	-0.0158801852	0.0500450448	0.0281212535	-0.026537556	-0.0897421263	0.059406188	0.1103650455	-0.0339970838	-0.0223864912	0.0251660704	-0.1359417143	-0.0616936027	-0.135671775	-0.027948169	0.0061721923	0.0478196076	0.0935956852	-0.1997788216	0.0482253677	0.00787084	0.0562531672	-0.0549079171	0.1285297597	0.0726548172	0.0332095154	-0.1538514719	-0.0662574346	0.0122406133	0.0066830756	-0.0666118828	-0.0735957125	0.0780762737	0.0579706431	0.0380536848	-0.110089244	0.0449519139	-0.0398426116	0.0715570358	-0.0301288553	0.0108999267	0.0534799593	0.1087223762	0.1073499542	0.1741365012	-0.0485147548	-0.0072503705	-0.1536653737	0.0792505834	0.0807706867	-0.0763306101	-0.1443981581	-0.0469810218	-0.0502460011	0.0344102993	0.0283060213	-0.0553253629	0.1305627751	-0.0942232422	0.0178948348	-0.1303293176	0.0413314687	-0.0193115487	-0.0180700094	-0.1387645389	-0.0393198141	0.020518572	-0.1485577471	0.0160524307	0.0244811947	-0.0259522535	-0.0339656849	0.0630611814	0.0188172712	-0.1124339448	-0.0880969512	0.0923986288	-0.0437492501	-0.0042420229	5.25666e-05	-0.0664413246	-0.1011621868	0.0530111116	-0.0565508548	-0.116160679	0.0061884899	0.0156901945	0.0703401038	0.0762076314	0.0174441802	-0.08996914	0.0142056376	-0.1668451599	-0.1515584978	-0.115945849	-0.11217789	-0.0473300757	-0.0277730769	0.0821981027	-0.020929628	-0.0418484272	-0.0511880915	-0.0507011491	-0.122086243	-0.1260121964	-0.02161195	0.0049874449	-0.0450945028	-0.0052010768	-0.008418221	0.0855683364	-0.0073780962	-0.0081832006	0.0346063049	-0.0707296797	-0.1013823335	0.201303635	0.0885996897	-0.0235434983	0.0464359815	0.1140802373	0.0982480398	0.0734681463	-0.0403906	-0.0047799999999999	0.00163140056836	2.28484e-05	0.0176102	0.0093500199999999	8.742287400039998e-05	0.0003101191440399	-0.0376611	-0.0053598	0.00141835845321	2.872745604000005e-05	9.64652e-06	-0.00074138548	5.496524299548304e-07	9.30553481104e-11	-5.19366e-05	0.0001192924	2.69741041956e-09	1.4230676697760005e-08	-0.00118951	-5.5119999999999865e-05	3.038214399999985e-09	1.4149340401e-06	0.0	0.0	0.0	0.0	0.0	0.0	0.0	0.0	0.0	0.0
271.17941093617577	0.9591167912649894	0.9199050192864492	73538.27291569128	318.64933289040414	1.474865044348121	101537.3973514996	2.175226899039985	189.4384054486467	-0.1220206675143344	35886.90945892586	0.0148890433006437	192.4227430020897	287.82734672093795	1.119331	23.542068	0.06437793	0.0371122	-0.0500027769	0.0570711841	-0.0583574656	-0.0407710558	-0.036491849	-0.0867224498	0.0589784238	0.0997345766	0.0057684762	0.0169930413	-0.0369235659	0.0962851002	-0.1024373885	-0.0350530109	-0.1209111848	0.144103952	0.0023078019	0.0136280048	-0.059174035	-0.0187665858	-0.0672432786	-0.0361830285	0.0158225943	0.1199403967	-0.1346199784	-0.0434948257	0.0080419871	0.0598315112	0.0567828806	-0.012696683	-0.0594316943	-0.0114673226	-0.0170536009	0.1266463346	-0.0470915297	-0.0494836802	-0.0964601007	-0.0374817901	-0.042002963	-0.1369100304	-0.1212658488	-0.1323176198	0.1882011793	0.0251786544	-0.0901117348	0.0131322617	0.0237178301	-0.0002775454	0.0009133424	0.00238012	0.1079529412	-0.0061464971	0.0267096048	-0.0165998008	0.0198188673	-0.1025002475	0.0740376928	-0.0448884252	-0.055914725	-0.0699786284	-0.0663524502	0.1161956967	-0.0671369534	-0.0684694281	0.0578559378	0.0740554014	0.053424707	0.0460918873	-0.0148087407	-0.1178841494	0.1009532423	0.0689006125	0.0180138255	-0.0422294659	0.0879441938	-0.0153397626	0.0318734832	0.0093792241	-0.0463449597	0.027477926	-0.0329759692	-0.0151186998	-0.0337306166	-0.0035128092	-0.1076940422	0.0348274978	0.2109609303	0.012149679	-0.0017679451	0.0025885964	-0.1479308373	-0.130788347	0.0417902517	-0.0261613014	-0.0223084136	-0.1215918768	-0.0845472184	-0.0812894789	0.0629369277	-0.0940626973	-0.0385664233	-0.0702848981	-0.0640146856	-0.041208818	0.012032999	-0.0507779334	-0.0390208637	-0.0980709235	-0.0719179873	0.0048036384	-0.0105745535	-0.0671637406	0.0739080641	0.1026009136	-0.1031851376	-0.0044624892	0.0188620574	0.0262148982	-0.1030583133	-0.0250081609	0.1236025707	0.1674449888	0.0914610456	0.0376146054	-0.0943019873	-0.0949017154	0.0818783754	0.0189226014	-0.0357005384	0.0262427437	0.1132514443	0.0950953223	0.0669598143	-0.0533438	-0.0129531999999999	0.0028455609984399	0.0001677853902399	-0.0148982	-0.0325084	0.00105679607056	0.00022195636324	-0.0320901	0.0055709999999999	0.00102977451801	3.1036041e-05	9.64652e-06	0.0	0.0	9.30553481104e-11	0.00014102	0.0001929566	1.98866404e-08	3.723224948356e-08	-0.00126346	-7.395000000000014e-05	5.468602500000021e-09	1.5963311716000002e-06	0.0	0.0	0.0	0.0	0.0	0.0	0.0	0.0	0.0	0.0
271.1574671637421	-0.0219437724336444	0.0004815291486195	73526.37199865589	319.7069184610858	1.057585570681681	102212.51371188338	1.118487239314097	189.56502694722624	0.1266214985795386	35934.89944150261	0.0160330039025281	192.62701567508387	292.26653179395	1.066708	22.435293	0.072531984	0.0379917	-0.0521315231	0.1001594748	0.1304441083	-0.0866529152	-0.04082246	-0.0800747708	0.0545731399	-0.1004948783	-0.0114972456	0.0110565669	-0.0773140439	0.1328123558	0.0394967335	0.0831550048	-0.0112188576	-0.0267803806	0.0766151458	-0.0842404072	-0.074532149	0.0666691524	0.0279543397	0.1684270365	-0.0275740888	-0.0297898278	-0.0666620451	0.035318328	-0.0048742193	0.0025002592	-0.2248444403	-0.0074404339	-0.0202866828	-0.0829818979	0.0197518597	-0.0235543949	0.1174691048	-0.0076813446	-0.0152578185	-0.1073961428	-0.0621370205	-0.0544236005	-0.0771197421	0.1055524947	-0.0347411882	0.091027696	-0.0127693237	-0.1408622344	0.0755976344	0.1038147138	0.1208990321	-0.1536605229	0.1804649695	0.0709580365	0.1277018204	-0.0448317569	0.2373869648	0.0962735003	-0.1306674888	0.141414277	0.1105678957	-0.0209959429	0.0551851973	0.0110606021	0.1167513863	-0.0305165126	0.0686620323	-0.0417653884	0.0223780239	-0.0566906255	0.1206957714	-0.0780391842	-0.06302312	0.0536648698	-0.0508702944	-0.0381715003	-0.2088749444	0.0509265148	-0.0061003034	0.0120566829	0.0366683653	0.0982200797	-0.0695236735	0.0585159209	0.1180530892	0.0723080635	-0.0503709863	0.0143437001	-0.0076713819	0.0947070078	-0.1000831275	-0.05690839	-0.0161703678	0.0856511343	0.0110266358	-0.0738125523	-0.204929331	0.1279847387	-0.105693174	-0.1183412687	0.2560456613	0.1226043948	-0.0041856451	-0.0021544125	-0.2036258037	0.0849895379	0.0796682676	0.0268676724	-0.0506940145	0.0431334339	-0.077095982	-0.0664378482	-0.0254589036	0.0946371312	-0.026373552	0.0803685857	-0.0800496676	-0.0967344996	-0.0593991191	0.0467300295	-0.0752293797	-0.0073045255	-0.0834263459	0.0688104592	0.0471087343	0.0846389361	-0.0561402932	-0.073467782	0.1076958275	0.1824027534	0.0392045486	-0.0317177133	0.1123656258	0.0917510955	0.0601481375	-0.0384234	0.0149203999999999	0.00147635766756	0.0002226183361599	-0.0130949	0.0018033	3.2518908900000025e-06	0.0001714764060099	-0.0548794	-0.0227893	0.00301174854436	0.0005193521944899	0.000390632	0.00038098548	1.4514993597083041e-07	1.5259335942400002e-07	-3.17242e-05	-0.0001727442	1.0064248656399998e-09	2.984055863364e-08	-0.00115681	0.00010665	1.1374222500000005e-08	1.3382093761000002e-06	0.0	0.0	0.0	0.0	0.0	0.0	0.0	0.0	0.0	0.0
270.5087622818617	-0.6487048818804055	0.4208180237754709	73174.99047126477	318.02138540275683	-1.6855330583289856	101137.6015734888	2.8410216907198635	189.7979553142232	0.2329283669969584	36023.26384145987	0.0542556241518697	192.8407623171547	287.5787669898426	0.999782	21.027668	0.04906238	0.0221857	-0.0319998338	-0.0046978384	0.0961464962	-0.1038987959	0.0368947416	-0.031924352	-0.1277435922	0.0099094234	-0.0461292088	-0.0147204539	0.0030931556	0.0329786999	0.0492933016	0.055453723	0.0462036392	-0.0933854343	0.0072194464	0.0802822882	-0.0393110021	-0.015195362	-0.03240005	0.0321321754	-0.0753375159	0.0107865538	-0.0435636956	-0.0554814465	0.0428533627	0.0477299721	-0.1472809098	-0.063274863	-0.0044849494	-0.0323084888	0.076594486	0.0366812463	-0.0399559638	-0.0859303914	0.1271946805	0.0171340693	0.0911788989	0.1176892587	-0.0484545802	-0.0467514874	-0.004437272	0.0933888615	-0.0999392152	-0.0555043003	0.1260061279	-0.078547251	-0.151025221	-0.149912496	0.0418707924	-0.0978847751	0.0076027867	-0.1497898389	-0.0076442153	0.0733842784	0.0710873126	0.1283383135	-0.0059160331	-0.071821736	0.0246685425	-0.1309582514	-0.0364822936	0.0018100422	0.0355093223	0.0174020173	0.0030408625	0.0690120382	0.0475656713	-0.0130609299	-0.0205071787	0.1320063017	-0.0137006321	-0.0587832968	-0.1141777139	0.0789239451	-0.0455794265	-0.0062374278	0.0086516668	0.1088064337	-0.0191016104	0.0272023224	-0.1128431946	0.0540321676	-0.0014201456	0.0723056428	-0.1631895841	-0.0295239061	0.0405000456	-0.0899155015	-0.009051037	-0.0996044023	0.2036109014	0.1237110697	-0.0772719719	-0.0403718833	-0.0957556509	-0.0725817064	0.0688150206	-0.1023436494	0.0996651108	-0.1248403556	0.0634237143	0.0763180738	0.1206842004	-0.0295113334	-0.0520508971	0.0739512896	0.0420357122	-0.0643213565	-0.0682280546	0.0511899707	0.0262806716	-0.0611722209	-0.0767490277	-0.1044270402	-0.0156372976	0.0476864728	-0.0455368948	-0.0179019722	0.0113562781	-0.0541864152	-0.0578924083	0.0737266986	-0.2139860367	-0.0566858914	0.0769156764	0.0596497729	-0.0692825017	0.0293829918	0.1114232278	0.0882220943	0.0530639746	-0.0328399	0.0055835	0.0010784590320099	3.1175472250000057e-05	0.00219939	0.0152942899999999	0.000233915306604	4.837316372099999e-06	-0.0662308	-0.0113514	0.00438651886864	0.00012885428196	0.000288472	-0.00010216	1.0436665600000002e-08	8.3216094784e-08	-0.000139568	-0.0001078437999999	1.9479226624e-08	1.163028519844e-08	-0.00103015	0.00012666	1.60427556e-08	1.0612090225000002e-06	0.0	0.0	0.0	0.0	0.0	0.0	0.0	0.0	0.0	0.0
270.9078895276812	0.3991272458194999	0.1593025583554594	73391.08460834234	318.79398270842995	0.7725973056731164	101629.60341110274	0.5969065967333588	189.65427996019	-0.1436753540332063	35968.74590721812	0.0206426073565671	192.69539571814352	287.2066993460143	1.018731	21.426214	0.096836445	0.0510655	-0.0171069579	0.0221408448	-0.0677981519	-0.116099126	0.0809982567	-0.0196056489	-0.0132934977	0.1369462519	0.0145122205	0.0106258017	-0.0329275921	0.0129648357	-0.0224795902	0.0460095981	-0.0445279623	0.0993508996	-0.0837650039	0.0864542228	-0.0140342383	0.027784109	-0.0612954543	0.0124322527	-0.0538665054	-0.0601939558	-0.0692588807	0.0168734753	0.0887118552	0.0019154132	0.0191692364	0.027802887	-0.0174881213	0.1911396245	-0.0233942452	-0.1271492262	0.029652659	-0.1884030831	-0.0200717024	-0.0891249201	-0.1909495896	-0.061836106	-0.0685583937	0.0562157196	-0.1106479547	-0.0599247189	0.0373505226	0.0913829441	0.0592672888	-0.0086274086	-0.0740951602	-0.0275812619	0.0479956766	0.1395793434	-0.0835893031	-0.030087347	0.023914782	0.0124611328	0.1952248699	0.0367856771	0.0005140526	-0.0394781766	-0.0016183397	0.0519871966	-0.1494979273	0.0072777156	0.0198742328	0.0188226561	0.0555030984	0.0371123298	0.0156760815	-0.0081826059	-0.0672301614	-0.0134500415	-0.0981188836	-0.0351203944	0.083352057	0.0260436637	0.0297615267	-0.127564708	0.092300479	-0.0531654859	0.1294475816	0.1395099768	0.1076570346	0.0953729251	-0.084731905	0.0141622967	0.1212921052	0.1154334281	0.0714229841	-0.0567689664	0.0540167844	0.1930151928	0.0979375332	0.1624886653	0.0412020852	-0.0733411948	-0.0335688456	-0.0644182721	0.0195321773	0.0261767775	-0.1117705872	-0.0563473975	0.1113442935	0.0658085169	0.0395700784	0.0322097548	-0.0117835257	-0.0317113019	0.0953430393	-0.0281002556	-0.0454173023	-0.0767238219	0.0126634701	0.0288405317	-0.017058004	-0.015152645	-0.0425373254	0.0385592319	-0.121548393	-0.0410281853	-0.0094296768	0.150017245	0.1609811244	0.0222096888	-0.1198006798	0.0112705151	0.0448022521	0.045497975	-0.0834695299	-0.0534506524	0.1104247249	0.0845154255	0.0457394187	-0.0266726	0.0061672999999999	0.00071142759076	3.8035589289999967e-05	-0.00787174	-0.01007113	0.0001014276594769	6.196429062760001e-05	-0.0368959	0.0293349	0.00136130743681	0.00086053635801	-0.000318637	-0.000607109	3.68581337881e-07	1.0152953776899998e-07	5.55883e-05	0.0001951562999999	3.09005909689e-09	3.808598142968999e-08	-0.000807153	0.000222997	4.9727662009000035e-08	6.51495965409e-07	0.0	0.0	0.0	0.0	0.0	0.0	0.0	0.0	0.0	0.0
270.8449966663488	-0.0628928613324433	0.0039555120065819	73357.01221919448	318.9943198359762	0.2003371275462768	101757.3760876171	0.0401349646734932	189.6500864316815	-0.0041935285084946	35967.15528354426	1.7585681351557255e-05	192.711076107581	289.764371797594	1.034903	21.766356	0.0363042	0.0180676	-0.0063546153	0.1049939122	-0.0070338712	-0.1090712853	-0.1119957549	-0.0125519126	0.1180325883	-0.0173018105	-0.0282203206	0.0779076627	0.0104090974	0.051320235	0.0822289639	-0.0869782541	0.0203378319	0.0148030657	0.0159810354	-0.0803137964	-0.0233424203	-0.0197292911	-0.0251432269	-0.0732377884	0.14039646	-0.0254055224	-0.0397312379	-0.0315382093	-0.1026762661	0.0398724216	0.1243989063	-0.0846482251	-0.1058559082	-0.140256869	-0.03962418	-0.0667593641	0.0862254861	-0.0554536756	0.0155576339	-0.0444388347	-0.1287276645	0.0032372511	-0.0354392334	0.0640037769	-0.1805129818	0.0566570465	-0.0572482036	0.0001043763	0.0104667626	0.058454796	-0.021971767	-0.0209799503	0.0830461544	0.1836702022	0.011757151	-0.1470160198	0.0020594775	-0.1101383213	-0.0591418991	0.1958970743	-0.0927762698	0.0502602331	0.0211562243	0.0690103728	0.081418266	0.0028901643	0.0198060618	0.0350340839	0.0084309329	-0.0505431018	-0.1290380236	-0.0328660744	-0.0213710532	-0.0133520926	0.0987571547	-0.0650933563	0.0430875842	-0.0325441684	-0.0428053252	0.1565727983	-0.1479972032	0.0657655908	0.0344989163	0.0651202279	0.0898000349	0.0440732409	0.0531433953	-0.001812132	-0.0331341997	0.1238368596	0.0520146046	-0.1349082301	0.0087789622	0.138246398	-0.0738982952	0.1008832669	-0.0085376277	-0.0871220598	-0.0594817187	-0.0276875885	0.1869520943	0.0196258845	0.0026611495	0.0525690763	-0.1121017872	0.1372772878	0.0093752594	0.183982097	0.0158739353	-0.0891671593	-0.0736576128	-0.0552401171	0.0717361293	-0.000752829	-0.0090926613	0.0721910925	-0.0386008163	-0.0339353704	-0.0985915447	0.0009537327	-0.0508817546	-0.0955201633	-0.0057562922	-0.081773707	0.0356836284	0.059923255	-0.173722802	0.0775659973	-0.0196563807	0.0173927734	0.0425227074	-0.0148261838	0.1093706198	0.0806385538	0.0382076517	-0.0328315	-0.0061588999999999	0.00107790739225	3.793204920999998e-05	-0.0116281	-0.00375636	1.41102404496e-05	0.00013521270961	-0.0237953	0.0131006	0.00056621630209	0.00017162572036	-0.000395115	-7.6478e-05	5.848884484e-09	1.5611586322499998e-07	5.76561e-05	2.0678000000000008e-06	3.32422586721e-09	4.2757968400000026e-12	-0.000619932	0.000187221	3.5051702841e-08	3.84315684624e-07	0.0	0.0	0.0	0.0	0.0	0.0	0.0	0.0	0.0	0.0
270.27411912240564	-0.5708775439431406	0.3259011701785524	73048.09946739231	317.9088174324732	-1.0855024035030283	101066.01620131356	1.1783154680108512	189.49337530753004	-0.1567111241514567	35907.73928544044	0.0245583764328132	192.6082284138378	286.178571732839	1.09862	23.106464	0.065182045	0.0324156	0.060609602	-0.0149627227	0.1274920313	-0.0579885763	-0.0016176419	0.0282251343	-0.0761029841	-0.0896017329	-0.05868198	0.008987198	-0.0033839685	-0.0003787444	-0.0317024562	0.0462014588	0.1479753203	-0.0728726677	0.0630667487	-0.0196186851	0.0178872488	-0.0116922483	0.0690522658	0.0176046732	-0.0368326972	-0.0878618128	0.1290222886	-0.1241976442	0.0042369955	-0.0174584185	0.0119440834	0.0806257299	-0.087495638	0.0744177539	-0.0335139678	0.0911575953	-0.0613514508	-0.0357540881	-0.0637291317	0.026975889	0.0803646066	-0.0740351765	0.0298387537	-0.0971032563	0.0534151952	0.0178951297	-0.0675964737	0.1513589747	-0.060518058	-0.0830576248	0.1940057017	0.0525374354	0.0002445164	-0.0504135506	0.1335130718	0.0442461393	-0.1031075786	-0.028142276	-0.0500444671	0.234296501	0.0805395313	0.0326638157	0.0296861517	-0.0776507971	0.0650401939	-0.0235834485	-0.0199566973	-0.0574395887	-0.0632740819	-0.0119468155	0.0206872891	0.0808584673	-0.0807544449	0.0539522994	0.035240582	0.0479715103	0.0723558467	0.0366381458	0.1427735655	-0.0826232979	-0.0629569021	0.0450690768	0.0280946771	-0.0478299598	-0.0914981546	-0.0874927269	-0.0398389863	0.066725569	0.0993449536	-0.0786776807	-0.0198725637	0.0406606489	-0.1096084098	-0.095707686	-0.0897706594	-0.0410462281	0.1186067867	0.0868720746	0.1569229507	-0.142830753	0.0362425112	0.0717194103	0.044865693	-0.0778374049	-0.055703115	0.1353153809	-0.0459465593	0.0723121501	0.0300979361	0.1098499361	-0.0269954461	-0.0166656773	0.0210625792	0.1040195197	0.0228297458	-0.0402798666	-0.0030022557	-0.0133691981	-0.0299430427	-0.0392278495	-0.0702698669	-0.0845745259	0.0545496811	0.0103334795	-0.0153034922	-0.0160875967	-0.0902766621	0.0484497076	-0.0747862154	-0.1048237992	0.0764120578	-0.0203919344	0.1082614433	0.0765992869	0.0305027946	-0.0138308	0.0190007	0.00019129102864	0.00036102660049	-0.0256136	-0.0139855	0.00019559421025	0.00065605650496	-0.0191666	0.0046286999999999	0.0003673585555599	2.142486369e-05	-0.000103295	0.00029182	8.51589124e-08	1.0669857025000002e-08	7.677e-05	1.91139e-05	5.8936329e-09	3.6534117321e-10	-0.000379523	0.000240409	5.7796487281000014e-08	1.44037707529e-07	0.0	0.0	0.0	0.0	0.0	0.0	0.0	0.0	0.0	0.0
269.882400897078	-0.3917182253276223	0.1534431680538219	72836.51031397114	317.4320949598935	-0.476722472579695	100763.13491062685	0.227264315862498	189.468825700812	-0.0245496067180397	35898.43591244468	0.0006026831900104	192.5771242442884	282.03741868390875	1.011679	21.277905	0.07957992	0.0421858	0.0479960891	-0.0932396325	-0.0447097355	-0.0834656275	0.0434928161	0.0565233411	-0.0713761223	0.0898237862	-0.0059775931	-0.0354894942	-0.0178740705	-0.0428021698	0.0027950361	0.0035662088	0.0804391086	0.0077108793	-0.0035413683	0.131191767	0.0706433899	-0.0425936975	0.0783357717	-0.0273158379	-0.0015595134	0.0447539557	0.0251851572	-0.0347116973	0.1211986079	-0.0505393649	-0.0137573858	0.0692647087	0.0248228297	-0.0791291387	-0.1126978392	-0.1033339064	0.0682715569	0.1147212357	-0.0757923709	0.1317192182	-0.0073019928	0.0647292025	0.128599548	-0.0208858993	0.000477537	-0.0374180813	-0.0212011642	0.0074055516	-0.0660135425	-0.1029529753	0.0200624967	8.85492e-05	0.1572500405	-0.1833938887	-0.0619756946	-0.1233975364	-0.0247405878	-0.049601274	-0.0390363678	0.0149714639	-0.0396428541	0.0744315923	-0.0023973488	-0.0541958921	-0.1153648161	-0.0285265454	-0.0617798159	-0.0026170208	-0.0869171553	-0.0169099676	-0.006535395	0.02170233	0.072316986	0.0002100234	-0.0884096814	0.143173498	-0.0622071878	-0.0208067243	0.0128143841	-0.015945905	-0.1244153188	-0.1082045716	-0.0183857172	0.0498301832	0.078967018	-0.0799867943	0.0504117081	-0.1249116818	-0.0656085364	-0.0165535558	-0.0220438747	0.015586183	0.1219939674	-0.0990805834	-0.0221682188	-0.0636221462	0.0623024636	0.0686019835	0.0212705887	-0.193713876	0.0515528114	-0.134114173	0.0960954276	0.0589632692	0.0337108261	0.0120323714	-0.0163140632	0.0377641978	0.0318196539	0.0272323185	0.1008594623	0.0020269643	-0.0027745043	-0.0509521514	0.0722764796	-0.1026160761	0.1135130375	0.0330422765	-0.0971680343	-0.0876314249	-0.0775265669	-0.014107834	-0.0359245403	-0.1250622005	-0.0528372643	0.0171441236	0.0153762881	0.1098609845	-0.0139133676	-0.0541639363	-0.0013308594	-0.0295844309	0.1070977539	0.0724057592	0.0226597522	-0.00304032	0.01079048	9.2435457024e-06	0.0001164344586304	0.00969359	0.03530719	0.0012465976656961	9.39656870881e-05	-0.0108653	0.0083013	0.0001180547440899	6.891158168999999e-05	-0.000214101	-0.0001108059999999	1.2277969635999997e-08	4.583923820099999e-08	-0.000109509	-0.000186279	1.1992221081e-08	3.4699865841e-08	-0.000172989	0.000206534	4.2656293156e-08	2.9925194121e-08	0.0	0.0	0.0	0.0	0.0	0.0	0.0	0.0	0.0	0.0
269.5829386547704	-0.2994622423076407	0.0896776345679201	72674.96081374168	316.4794080765204	-0.9526868833731328	100159.21573646471	0.9076122977512132	189.36754519321383	-0.1012805075981759	35860.067172503885	0.0102577412193441	192.43845207144665	278.5150151495206	1.022025	21.495504	0.0777810449999999	0.0370098	0.0433965973	-0.1415825771	-0.1452542325	-0.0370096791	-0.101170811	0.0611509902	0.085940834	0.1221207531	-0.0809185823	-0.0787448583	0.0103109203	-0.062611621	-0.030378961	-0.1444679772	0.0239681896	0.1454332448	-0.0400806126	-0.0361510706	0.0243652864	-0.0581458784	0.0995809599	-0.0466659754	0.0138520333	0.0553773881	-0.0166915826	0.0147716051	-0.0064675737	0.0482395639	0.0872954683	-0.0435067825	-0.0730164586	0.0326282138	0.1544374686	0.1232942719	0.2144170211	-0.032165425	0.039513712	0.081075122	0.0748947638	-0.0936379843	0.0810843993	-0.1161618589	0.1422164833	0.0435972799	0.0200199199	-0.0124993981	-0.1460260522	0.0917892301	-0.03723303	-0.1330536071	-0.0349256843	0.0686022066	-0.0495788324	-0.1483256879	-0.0039068823	0.1414494572	0.0055104407	-0.0569689681	0.1376850506	0.0407437846	-0.0938209925	0.135524084	-0.0523306248	-0.0166293169	-0.0279359896	-0.0311468802	-0.1144554877	0.0034653572	-0.0346193245	-0.0285597199	0.0509691786	0.0194187272	0.0223391095	-0.05203611	-0.012931225	-0.0621761964	0.0195475513	0.1231079231	0.0035934411	0.0628500876	0.2246175969	-0.0982176339	-0.0548395049	0.1069403841	0.0166907576	0.0440122133	0.0415252747	0.043297247	-0.0268332102	0.0287765722	-0.0848267762	-0.0771294209	0.0339749819	-0.1697715417	0.0443440854	0.0327744662	-0.1415410799	0.082271335	0.1428973003	-0.0555994106	0.1185725577	0.0148208837	0.2070049744	0.0348906408	-0.1554347983	0.0422678542	0.0485700202	-0.0934340824	-0.0187074598	-0.0147867317	0.0821944696	-0.1237454921	0.0150795065	0.0417110973	0.0837911855	0.0928628542	0.0277476477	-0.0665303072	-0.0056171427	-0.0474020514	0.0600284782	-0.0037427478	-0.1098161594	-0.0130684464	0.0770116596	-0.0869120654	0.0581670706	-0.0473416219	0.0822412949	-0.0632198597	0.1058801375	0.0680664159	0.0147140554	-0.0132546	-0.01021428	0.00017568442116	0.0001043315159183	-0.0145403	-0.02423389	0.0005872814245321	0.00021142032409	0.00751356	0.01837886	5.64535838736e-05	0.0003377824948996	-0.000469979	-0.0002558779999999	6.547355088399998e-08	2.20880260441e-07	3.18173e-05	0.0001413263	1.0123405792899998e-09	1.997312307169e-08	-0.000274865	-0.000101876	1.0378719376000004e-08	7.5550768225e-08	0.0	0.0	0.0	0.0	0.0	0.0	0.0	0.0	0.0	0.0
270.29678863555944	0.7138499807890639	0.509581795072547	73060.3539466963	316.9754720527308	0.4960639762104506	100473.44988305154	0.2460794684937225	189.6081862584449	0.2406410652310739	35951.26429621714	0.057908122275546	192.6649567967864	282.41801699191166	1.066648	22.434019	0.05813400705	0.0362297	0.0335253004	-0.0872245446	0.0464111267	0.0462689811	-0.0774896854	0.0109797095	0.0907553467	-0.0999760406	-0.1332195284	-0.0390342134	0.0090612543	0.0358652878	-0.1294544462	-0.0208143315	-0.027572768	-0.0208764014	0.0154746887	-0.1050382815	-0.0103731361	0.0290501709	0.0244480778	0.0575898365	0.0102561331	-0.0084497604	-0.0290121183	-0.0473172711	-0.028505482	0.0553194249	0.0564326026	-0.0339085824	0.0349839588	0.0394308788	0.0379129001	-0.0125134028	-0.0322868417	-0.0072672668	0.0654261417	0.0103414639	0.0877893638	0.0709005027	0.1013473532	0.0425311509	-0.0529353108	0.154135573	0.0180804878	-0.1596829729	0.0413525681	-0.0433692752	-0.0143884092	-0.0389980343	0.0186001009	0.0056708277	-0.1840275005	0.102270482	-0.0335188178	-0.097912365	-0.0652171291	0.0051922307	0.0601199074	-0.0610973324	0.0565360159	0.0456070273	0.1145402878	0.0324299302	0.007018094	-0.0269685888	0.0076526775	-0.0370743674	0.0572844206	-0.054998109	-0.0292943592	-0.0002945665	0.0433864555	-0.0056547824	0.0647006866	-0.0304094562	-0.0546610294	0.0079487819	0.0031667882	0.0228977311	0.0343636598	0.0477561034	-0.1324378464	0.0147219712	0.0742256285	-0.0221990278	-0.2120305455	-0.0382346605	-0.0724027139	0.0611182939	0.0292720963	-0.0186505416	0.0247276698	-0.0135780771	-0.1816817665	0.0113119506	0.1016116374	0.0965919771	-0.0164988479	-0.1193213906	-0.1881549295	0.079867088	0.0563308238	-0.007594096	-0.0128111205	0.1791099935	0.0256639225	0.0483686149	-0.0746515427	-0.0315067937	0.0360516587	0.05551513	-0.0154085584	0.0844814885	0.0509896068	0.1054278942	0.0690561108	-0.0164177011	-0.0912486899	0.0481174705	-0.0366013114	-0.0357470604	-0.0254831099	0.0687333391	-0.100767519	0.1117081973	-0.0134031205	-0.026566475	-0.0070501446	-0.0718249963	0.1046092073	0.0635899959	0.0067017003	-0.00964283	0.00361177	9.29841704089e-05	1.30448825329e-05	-0.0193475	-0.0048071999999999	2.3109171839999995e-05	0.00037432575625	-0.0131087	-0.02062226	0.0001718380156899	0.0004252776075076	1.9904100000000002e-07	0.0004701780409999	2.210673902385977e-07	3.9617319681000007e-14	2.28968e-05	-8.920499999999997e-06	5.2426345024e-10	7.957532024999993e-11	-0.000377622	-0.0001027569999999	1.0559001048999996e-08	1.42598374884e-07	0.0	0.0	0.0	0.0	0.0	0.0	0.0	0.0	0.0	0.0
270.348311953504	0.0515233179445431	0.0026546522920144	73088.2097761091	317.78217468106965	0.8067026283388259	100985.51054502986	0.6507691305687698	189.81861996616425	0.2104337077193463	36031.10848585909	0.0442823453445112	192.88139790771007	285.9506302364802	0.95202	20.023142	0.06244068705	0.032732	0.0277591717	-0.0267184682	0.0421372406	0.0776090573	0.0816192439	0.0299400443	-0.0781152259	-0.0476639112	-0.0486277743	0.0240733346	-0.0227065935	0.0195290122	-0.006389758	0.0865569395	0.0286593205	-0.1236156811	0.0269093247	0.0468702672	-0.0100298089	-0.0406631784	-0.0521828777	-0.0047828411	-0.0673147795	0.0264132934	0.0649743711	-0.0226333273	-0.0108891155	0.0818535122	-0.0083149628	-0.0148620695	0.0695824247	0.0113638957	-0.006780733	0.1886103832	-0.020171169	0.0211940509	0.0124959962	0.0582081805	-0.0595247612	0.1547687776	-0.016158028	0.0104796993	-0.0627714315	-0.0688615276	0.0471798385	0.0448309471	-0.0563198985	0.0285285506	0.0745753204	-0.0537042821	-0.1609557041	0.0212373348	-0.0439372343	-0.07813111	-0.0167801132	-0.0782497195	0.0529475577	0.0254963219	0.0270510026	-0.0598147646	0.0903417509	-0.1293564443	0.0315971352	0.014246924	0.0072906003	0.0344128704	0.0121815939	0.0412264939	0.0418278735	0.0844444786	0.0182089915	-0.0047865203	0.0261456442	-0.0445672465	0.0217433291	-0.034606966	-0.0308282411	-0.0744433444	-0.048793496	0.0584170869	-0.0735921757	-0.1166950762	-0.0781342928	0.0882973085	0.0502711289	-0.103410234	-0.0427251162	-0.0405556267	0.0215861248	0.0118988626	0.0359063327	0.0344888081	-0.0386629577	0.0599379931	0.1095434607	0.071510837	0.0407111132	0.1955633442	0.0313191175	-0.028406622	0.0112390929	-0.0782595217	-0.0200346457	0.1046089407	0.0511976847	0.009515322	0.0140713117	0.0881913844	0.0487073944	0.0007089063	-0.0220355784	0.0490376283	-0.050168511	-0.0955581326	-0.0202819612	-0.0239894367	0.0425171872	-0.0441394605	0.033856603	-0.0213496124	-0.0066151288	0.0375061811	-0.1553500405	0.0677951297	-0.0557199414	0.145676346	-0.0707012127	-0.0628162595	-0.0453474299	-0.0020370487	0.1032856033	0.0589855141	-0.0013410152	-0.0166355	-0.00699267	0.00027673986025	4.8897433728900014e-05	0.0074903799999999	0.0268378799999999	0.0007202718028943	5.61057925443985e-05	-0.0289365	-0.0158278	0.00083732103225	0.00025051925284	-0.000115924	-0.000116123041	1.348456065108768e-08	1.3438373776e-08	-1.19109e-05	-3.48077e-05	1.4186953881e-10	1.21157597929e-09	-0.000482338	-0.000104716	1.0965440656000007e-08	2.3264994624400001e-07	0.0	0.0	0.0	0.0	0.0	0.0	0.0	0.0	0.0	0.0
270.33585899926254	-0.0124529542414393	0.0001550760693393	73081.47666086916	317.4805532560871	-0.3016214249825566	100793.90169579117	0.090975484008508	189.60013331919123	-0.2184866469730195	35948.21055465509	0.0477364149055128	192.6601595486595	283.6253597017062	0.959054	20.171082	0.04135904	0.0211765	0.0123342005	-0.0496502754	-0.1285358573	0.125609816	0.0916370385	0.0304410934	-0.0636389701	0.1513057889	-0.0059897276	-0.0030501846	0.0901795483	-0.0005324944	-0.0007169401	0.0090596982	-0.0306409516	0.0315051208	-0.027513608	0.1269315145	0.0487296326	-0.0398049739	0.0387587263	-0.0376814834	0.0182627536	-0.0518871861	0.0606075786	0.0029222638	0.1787246283	0.0144241745	0.0677856764	-0.0081627087	-0.1059653643	-0.1121848633	-0.0742877019	0.0072461282	0.1147197601	0.0841697855	0.0303071971	0.0378959837	-0.0237271056	0.0678995842	-0.1491442218	-0.0056593145	-0.0886259001	0.1122113487	-0.0495562566	-0.0462421295	0.0323451031	0.0025511303	0.0257446162	0.1153133938	-0.0601463324	-0.0321402256	-0.1546198092	0.1313013023	0.0122610548	0.1981659177	0.0258612936	0.0632045388	-0.0139717773	-0.0111492264	0.052946844	-0.0352838821	-0.1329741484	-0.0229484875	-0.0403122661	0.013893402	-0.0570757222	0.0090027536	-0.0536544451	-0.0019734807	-0.0445946036	0.0387688381	-0.1626487377	-0.0055275692	0.013465262	-0.0007084819	0.0854819205	0.0641102082	-0.191619719	-0.0086560361	0.0486461517	-0.0521863379	0.0782853668	0.009940126	0.1422498139	-0.0671274492	-0.0190066586	-0.0396907021	0.0163999594	-0.1150391774	-0.0911885547	0.0061374147	0.0179922737	0.0309680595	-0.0835126809	-0.0053878356	0.0300154135	-0.0481160188	-0.133190644	0.1255671357	-0.0725969189	0.1809518468	0.0536313791	0.0981319384	0.0295291478	-0.083376683	0.0207303798	-0.0323598503	0.1035650029	-0.0274983638	-0.0185945088	-0.0975927379	0.0395991249	-0.0796748894	-0.004608203	0.0481397457	0.0241402394	-0.0042654677	-0.0193238348	0.1296680768	0.0267627534	0.0407802223	0.0021241263	-0.0106718464	-0.0183004409	0.1237177655	-0.0724924316	-0.0403128839	-0.1045233099	0.0013491025	0.1019099918	0.0542622434	-0.0093776556	-0.00914064	0.00749486	8.35512996096e-05	5.617292641960001e-05	-0.00271903	-0.0102094099999999	0.000104232052548	7.393124140899999e-06	-0.022313	0.0066235	0.000497869969	4.3870752250000015e-05	-0.000395115	-0.000279191	7.7947614481e-08	1.5611586322499998e-07	-5.22693e-05	-4.03584e-05	2.7320797224899997e-09	1.6288004505599996e-09	-0.000461262	2.1076000000000027e-05	4.4419777600000107e-10	2.12762632644e-07	0.0	0.0	0.0	0.0	0.0	0.0	0.0	0.0	0.0	0.0
271.3956466889291	1.059787689666564	1.1231499471687931	73655.59704170203	318.4571310772615	0.9765778211744304	101414.94433396011	0.953704240809798	189.59877041851897	-0.0013629006722624	35947.693744214266	1.857498242453336e-06	192.6322200861429	290.56141635549943	1.002606	21.08707	0.05486063	0.0281911	3.08308e-05	0.1066453397	-0.0905268107	0.1224546235	-0.0259236523	0.0094967859	0.1003958722	0.0793370653	-0.0186391205	0.0353907572	-0.0063965838	0.0829631143	0.0216185298	0.0028041107	-0.1905002914	0.1398516444	-0.0525464195	-0.0477336409	0.0060653853	-0.0568356442	-0.0473649279	-0.1249505395	0.0608524632	0.0610547936	-0.079920977	0.026722424	-0.120432178	-0.0218023141	0.0056744421	-0.0625667552	-0.0728751852	0.0202727303	0.0402331979	-0.0543908851	-0.0083313328	0.0375045758	-0.02556907	-0.0138117497	0.0730276836	-0.0138634799	-0.0222136741	-0.0605969408	-0.1243151332	-0.0311334005	-0.026307643	0.0885755491	0.1524321382	0.0250765916	0.0060054573	-0.0406088761	-0.0295773557	-0.0862963474	0.1304515861	0.0360763254	-0.1911205127	0.0784131349	0.0297553144	-0.1140348805	0.0666201404	-0.1330403097	0.0734799167	0.1449167947	-0.022889098	-0.0074150756	-0.0021921484	0.0760231228	0.01247651	0.0646985243	-0.1143075912	-0.0859463353	0.0555020064	-0.0019206684	0.101772711	-0.0583377842	-0.0071415138	0.0742101574	-0.001269668	0.0681711736	0.0599074422	-0.0030067587	0.0346443092	-0.0357548442	-0.002269414	-0.0487511732	-0.0569792131	0.0391001884	-0.0590749681	0.0476659824	0.0682525829	-0.0919340233	-0.0877493412	0.0226133709	0.0057300045	0.0277191646	-0.0166554901	0.1214668984	0.1644476649	-0.0257171405	-0.0658650403	0.0416341116	0.0788900734	-0.1097161489	0.1423917266	-0.1349222675	-0.0560744229	0.0053363842	0.0170283638	-0.0932102758	0.0056315704	-0.0761657106	0.0511224422	-0.0645578978	-0.0242129124	0.0766470341	-0.0814811081	0.0548297695	0.0269114299	0.1414487909	0.0351174223	0.0854735853	0.1274366176	0.0766276148	-0.0589821715	-0.0007756832	0.0498940789	0.0087257702	-0.1375220045	0.0276925675	-0.0546051203	0.0700362686	0.1004830656	0.0494296957	-0.0173718128	-0.018647	-0.00950636	0.000347710609	9.03708804496e-05	-0.0143601	-0.01164107	0.0001355145107449	0.00020621247201	-0.0374902	-0.0151772	0.00140551509604	0.00023034739984	-0.000116662	0.0002784529999999	7.753607320899998e-08	1.3610022244e-08	2.89227e-05	8.1192e-05	8.3652257529e-10	6.592140864000001e-09	-0.000450187	1.1074999999999985e-05	1.2265562499999966e-10	2.02668334969e-07	0.0	0.0	0.0	0.0	0.0	0.0	0.0	0.0	0.0	0.0
271.31901555286703	-0.0766311360620761	0.0058723310141644	73614.0082005769	318.95129873593004	0.4941676586685162	101729.93096533648	0.2442016748739231	189.6160132148132	0.0172427962942265	35954.232467480215	0.0002973140240441	192.69367810880271	293.4314123024375	0.951876	20.020098	0.048953334	0.0242313	0.0011763991	0.1663823619	0.0549499575	0.1389649154	-0.0711958345	-0.01435761	0.0541134865	-0.0973945019	-0.005989971	0.0865297388	0.0212420983	0.1358853991	0.0320585195	0.0215107929	-0.0660449395	-0.0577613171	0.0620952436	-0.1141662539	0.0271739524	-0.0281418997	-0.0700274292	0.010232835	0.0815041292	0.0079889534	-0.0740115835	0.0121638396	0.0110615028	0.0519592054	-0.0918170076	-0.1015251311	0.0111993854	0.0310021561	0.0673321698	-0.045228911	-0.1116575503	-0.2233773357	-0.0137376729	-0.0390869666	0.0045110096	0.0394947929	0.0226301618	0.2026796112	0.0535314491	-0.0056211115	-0.1451784787	0.024655801	-0.0165253238	-0.1921192507	0.0380578355	-0.103165525	0.0285110456	-0.2056055322	0.0311680476	-0.0130307713	-0.0078447568	0.0256742659	-0.0590865461	0.0217844711	0.1673525561	-0.11008842	-0.0814647956	-0.0005563926	0.134749531	0.0065521394	-0.0262016328	0.0745608001	0.0421011174	-0.0376236713	-0.0508833475	-0.093646555	-0.008586219	0.0116207803	-0.0164666576	-0.1081016347	-0.0084874446	0.092017873	-0.0756057005	-0.0551943232	0.0017632279	0.133336052	0.0017432921	0.1379128859	-0.0755642328	0.0982437511	-0.059518145	0.017106403	-0.0167208329	-0.1093410639	-0.1332146897	0.1230042456	0.0212173486	0.0279702183	-0.0124791091	0.1960382284	-0.0178379683	0.1558889466	-0.022809756	-0.1883770992	-0.0392097022	-0.1095891378	0.0547642696	-0.0549991353	-0.0020622477	0.0151604028	-0.134724891	-0.0714373365	0.0136505036	-0.0334812036	-0.1040533175	-0.0433285357	0.067969661	0.0748726053	-0.0199929345	-0.0309870533	-0.1248309301	-0.0461204918	-0.0260010096	0.0747905599	0.0225395129	0.0768486143	-0.0376291329	0.1082844176	0.0108950084	-0.0291886124	-0.0248291272	0.0688116731	-0.0909228513	-0.0144789176	0.024813324	0.0248810602	0.0990055431	0.0444976032	-0.0252872714	-0.0213649	-0.0027178999999999	0.0004564589520099	7.386980409999994e-06	-0.000999836	0.013360264	0.0001784966541496	9.99672026896e-07	-0.0314653	0.0060249	0.00099006510409	3.629942001e-05	-0.000395115	-0.0002784529999999	7.753607320899998e-08	1.5611586322499998e-07	-9.57967e-05	-0.0001247194	9.17700773089e-09	1.555492873636e-08	-0.00058402	-0.0001338329999999	1.7911271888999993e-08	3.410793604e-07	0.0	0.0	0.0	0.0	0.0	0.0	0.0	0.0	0.0	0.0
270.7876491204421	-0.5313664324249316	0.2823502855079994	73325.95091617567	318.40299835649995	-0.5483003794300885	101380.4693624093	0.300633306083179	189.8188434613625	0.202830246549297	36031.19333300924	0.0411401089152486	192.8984195963099	290.58380504974537	1.029801	21.659035	0.052140599	0.0329666	0.0269064352	0.0531490318	0.0998779331	0.0912535574	0.059215091	0.0362344379	-0.1310281761	-0.0105019745	0.0089661922	-0.0068873849	-0.0205731552	0.0828129315	0.0423899714	0.0501829033	0.0313279207	-0.0761639335	-0.0144515725	0.0615483751	0.0372618348	0.029255313	-0.039794123	0.0003695542	-0.0664458279	0.0081457732	0.0487398685	-0.0702606071	-0.0630837323	0.1551633694	-0.095517515	0.0659010636	-0.0823001078	-0.004020712	0.1372197004	0.0642433683	-0.0448049024	-0.0922287266	0.0674166093	0.0325126562	-0.0546158366	-0.1805607915	0.0451086247	0.0108031926	-0.0624307497	-0.0048959553	-0.0096578302	0.1745391892	0.1021731932	0.0529532267	-0.0302926356	0.1929537167	0.0048494267	-0.2269598253	-0.1881229939	0.0158666995	-0.0572070918	-0.012833873	0.0063924237	0.0869516087	-0.0489267759	0.0757862279	-0.0710451046	-0.1173661277	-0.0408920845	0.0172638352	-0.0394852963	-0.0125883435	0.0494330714	0.053865186	0.0203183786	0.0465367823	-0.0137611906	0.1297798794	0.053403021	-0.1093314335	-0.0573045881	-0.0198646856	0.1422820685	0.0160591788	0.0853944481	0.1076135336	-0.020218621	0.0406453168	-0.1202430391	0.0545914603	-0.0403388464	0.0225623495	0.0816398362	0.1578890993	-0.0150528856	-0.026464519	-0.0237578483	0.0199826299	0.0061143718	0.0170707838	0.0692869232	0.0162329964	0.1370892129	-0.1216862439	-0.2809247988	-0.1563498378	0.0166208332	0.1044758361	0.0481763213	0.1307531627	0.0352955698	0.0412098315	0.0027772922	0.0833154033	-0.001371189	-0.0049127745	-0.0462590545	0.0204805197	0.0623779828	-0.059410621	-0.0924244049	-0.0719414607	-0.0065903383	0.1022757477	-0.0107653813	0.0660259962	0.0234377877	-0.0341757073	-0.1622631874	0.0817238166	-0.1004837013	-0.0149533347	0.0178675215	-0.0206952592	-0.0737634029	0.019609577	0.0974781683	0.0394758984	-0.0330881723	-0.0247055	-0.0033405999999999	0.0006103617302499	1.1159608359999996e-05	-0.0112445	-0.0102446639999999	0.0001049531404728	0.0001264387802499	-0.0421508	-0.0106855	0.00177668994064	0.00011417991025	0.000115204	0.000510319	2.60425481761e-07	1.3271961616e-08	-7.3069e-05	2.27277e-05	5.339078761e-09	5.165483472899998e-10	-0.00055967	2.4350000000000023e-05	5.929225000000011e-10	3.132305089e-07	0.0	0.0	0.0	0.0	0.0	0.0	0.0	0.0	0.0	0.0
270.64284840018786	-0.1448007202542385	0.0209672485861462	73247.55139016706	318.33371332402646	-0.0692850324734877	101336.35303866348	0.0048004157248522	189.57358847500663	-0.2452549863558601	35938.145447291165	0.0601500083324131	192.6351437131028	288.4084278408417	0.98447	20.705639	0.0462658199999999	0.0284354	0.020419137	0.0412283187	-0.0434581618	-0.0111417346	0.0863662064	0.0288100241	-0.0155335511	0.098561451	-0.0023690576	-0.0299607007	-0.0768396699	0.0105525596	-0.0146435716	0.0720921902	0.0048378064	0.0911480966	-0.0732263905	0.0840588459	0.0282115835	0.0825231365	-0.0186040253	-0.001652187	-0.0734148081	0.0018728023	0.0378718466	0.006070287	0.1428687358	0.0329786234	-0.0472537231	0.1120736534	-0.1121762751	-0.0533355271	0.0493607473	-0.0431842985	-0.0636205272	0.0900168242	0.0482865466	-0.1094725016	-0.1244698819	0.0437778764	-0.0014661528	0.0283643697	-0.1419326367	0.0062733182	0.1769218873	0.0404157576	0.032546318	0.0091801211	-0.0968717674	0.1084275451	0.0619465374	0.0204427132	0.1353574243	0.1311999289	-0.0859203457	-0.0563792052	-0.0004382886	0.0359902075	0.0905840664	-0.0667451559	-0.0332131926	0.0508306588	-0.1342692089	0.0066805572	-0.0186839092	-0.0354035218	0.0563412777	0.0394899285	0.0237987368	0.0281288527	0.0001239798	-0.0195450474	-0.1453415755	0.0188989363	0.0713201658	0.0391018953	0.1510982384	0.0008891088	0.0602858461	0.0895892622	-0.096476407	0.0532286857	0.1319529621	-0.0322185508	0.0269176073	-0.0707535551	-0.0884746808	0.1125511417	-0.0116214826	-0.09256764	0.0949857947	0.0673035411	0.0060645129	-0.1210039363	0.0236573559	-0.0555402503	0.1354533021	0.0103174045	-0.0505698653	0.0836562004	-0.0870200764	-0.1088464572	-0.0486921089	-0.0100606403	-0.0786435249	-0.0087276165	0.0077436629	-0.0001708968	0.1113479969	0.0099813932	-0.0552256118	-0.0690962768	0.015687593	0.0330543132	0.0086306579	-0.0348156043	-0.0526007142	0.067127498	-0.0230391753	0.0364324683	-0.0217008208	0.0757758566	0.0523622693	0.011093264	-0.0859403905	0.0596267564	-0.0281672679	-0.0321076192	-0.1326383703	0.0075649633	0.0959017104	0.0343746944	-0.0407391756	-0.0240957	0.0006097999999999	0.00058060275849	3.7185603999999654e-07	0.0142781	0.0255226	0.00065140311076	0.00020386413961	-0.0332159	0.0089349	0.00110329601281	7.983243801000005e-05	7.833759999999998e-05	-3.686640000000002e-05	1.3591314489600016e-09	6.136779573759997e-09	-0.000149407	-7.6338e-05	2.2322451649e-08	5.827490244e-09	-0.000448904	0.0001107659999999	1.2269106755999985e-08	2.0151480121600005e-07	0.0	0.0	0.0	0.0	0.0	0.0	0.0	0.0	0.0	0.0
270.4664525278108	-0.1763958723770429	0.031115503791658	73152.10194297854	317.5780416434484	-0.7556716805780752	100855.81253408785	0.5710396888276925	189.5096296567236	-0.0639588182830266	35913.89973262853	0.0040907304361612	192.5385685796684	286.90235832020386	1.023136	21.518867	0.088999405	0.0429562	0.0159746911	0.0600619635	-0.1110186449	0.0236387242	-0.0540121947	0.0233176519	0.125639496	0.0434582701	-0.0362934496	0.0559856645	0.041272694	-0.0364134078	0.0781665601	-0.0798702084	0.0014577817	0.0715324048	-0.0126544437	-0.1101554051	-0.0179828342	-0.0491504128	0.0485079479	-0.0606563475	0.0758031106	0.030414803	0.1144193475	0.0692871822	0.0816858956	0.0273535399	0.0030234307	-0.1077781436	-0.1132095059	-0.051554503	0.0354270816	-0.1236022847	0.0349834053	0.0264078276	0.0317677851	-0.0036872131	0.0688948736	0.0053736483	0.1208140953	-0.0384893572	0.0144137575	-0.1839847508	0.0582516176	0.1567135481	0.0990950523	-0.0835493523	-0.2116215177	0.0353677731	-0.0471340638	-0.0101747679	0.0033786932	-0.0376053504	0.1655934999	-0.1382382386	-0.046214177	0.0130074869	0.1062046546	3.15399e-05	0.0491022931	0.1144333411	0.0490832631	0.0071942743	0.0070351021	-0.017429158	-0.0736328448	-0.028355007	-0.105525181	0.0633113355	0.0634660329	-0.0015733814	-0.0612803513	-0.0812252518	-0.0481655879	-0.0124260826	-0.0145202139	0.1053893728	-0.0370371381	0.0223574626	0.1513104394	0.0055896006	0.0597555167	-0.1371832202	0.0012063557	0.037914773	-0.0618830434	-0.0048939898	0.063440903	0.0498897198	0.1860392288	-0.0191439366	0.1902665912	0.069501545	0.213279487	-0.0906849283	-0.0310838891	-0.0180826997	-0.1329005072	-0.0628102485	0.0252593508	-0.0347009625	-0.1524765775	0.0078686598	-0.133155217	0.0781371217	0.0408318397	-0.1112958368	0.0050881358	-0.0137121491	0.0598764082	-0.0638052077	-0.0331325891	0.0618949549	0.0062278089	-0.0073682576	-0.053436877	-0.0097622013	-0.0036027768	-0.0161727618	0.0168889537	-0.1091193419	-0.0197608928	0.0325539384	0.0288076695	0.1253073139	-0.0753399683	0.1063577649	0.0690279191	0.1105143139	0.094276963	0.0292042644	-0.0482056202	-0.0170911	0.0070046	0.00029210569921	4.906442116e-05	-0.0159498	-0.0302279	0.00091372593841	0.00025439612004	-0.0138845	0.0193314	0.00019277934025	0.0003737030259599	-0.000212671	-0.0002910086	8.468600527395998e-08	4.5228954241e-08	-3.03795e-05	0.0001190275	9.229140202499999e-10	1.416754575625e-08	-0.00021023	0.000238674	5.696527827600001e-08	4.41966529e-08	0.0	0.0	0.0	0.0	0.0	0.0	0.0	0.0	0.0	0.0
270.425200444419	-0.0412520833918392	0.0017017343841672	73129.78903540419	317.4853034715865	-0.0927381718618676	100796.91792044538	0.0086003685202812	189.7050345904757	0.1954049337520871	35988.00014897358	0.0381830881346575	192.73400963114983	285.4831903565401	1.038104	21.833668	0.048637325	0.0210551	0.0387826721	0.0035522032	0.0332969224	0.0112640049	-0.1206676394	0.016848395	0.0545504831	-0.1142423887	-0.0880238179	0.0544360117	0.0439968433	0.012506835	-0.0988908134	-0.0715188395	0.0370666528	-0.0159104482	0.0319269779	-0.0979065752	0.0059214647	-0.0594745289	-0.0451494367	-0.1095589359	0.0936782551	0.0572108677	0.0312389069	-0.0469323425	-0.0570386504	-0.1143209144	0.1157875846	0.0386753891	-0.1270766285	-0.0410323264	0.0726880947	0.1478931023	-0.1285907875	-0.0330930626	0.1166294802	0.0731084745	0.0240447395	0.1556225775	0.0687889486	-0.1043126668	0.0501560024	0.1046078916	-0.0572726448	-0.2258412621	0.0084472896	-0.0448345813	0.0254939635	0.0810891641	0.019842751	-0.0598719969	-0.0074902968	0.0349304626	0.1180595662	0.0652839427	-0.045337277	0.0451487692	-0.0986350626	0.11621983	-0.0167458048	0.0277777954	0.1087756376	0.0078405031	-0.0204936302	0.0705970413	-0.0032387539	-0.0142866466	-0.0968400606	-0.0086134953	0.0712493195	-0.0299773944	0.0600583839	0.0831309373	0.0884688041	0.0838659721	0.1383504769	0.0730845773	-0.054046997	0.1267858549	0.0265392089	-0.0612756759	-0.1975580536	0.0309537934	0.0849189811	0.0170520226	-0.1254152286	-0.0432019472	0.1490656441	0.0824143709	-0.0217596521	-0.1598025086	-0.0555963033	-0.0320454889	-0.1312093607	-0.0560814583	-0.0395953309	-0.0213655897	0.0293371141	0.0601086856	0.055912139	0.144821593	-0.0876524487	0.0017851365	0.0647862415	-0.0689591587	0.0372096094	-0.0245950534	-0.1043958853	-0.0078201859	0.0800822681	0.0497145401	-0.0311044973	0.0645003934	-0.0535735572	0.0282731506	0.0501707302	0.0458834275	-0.0690003275	0.0208042376	0.0262897102	0.0123886933	0.0193098403	-0.0511979014	-0.1985689191	0.0843355444	0.0201249181	-0.1731519029	-0.0874100695	0.1460377757	0.0926047444	0.0239750208	-0.0554536812	-0.021846	-0.0047548999999999	0.000477247716	2.2609074009999995e-05	-0.00489787	0.01105193	0.0001221451567249	2.3989130536900005e-05	-0.024782	-0.0108975	0.000614147524	0.0001187555062499	-0.000395115	-0.0001824439999999	3.3285813135999995e-08	1.5611586322499998e-07	-9.44204e-05	-6.40409e-05	8.915211936159999e-09	4.10123687281e-09	-0.000402405	-0.000192175	3.6931230625e-08	1.61929784025e-07	0.0	0.0	0.0	0.0	0.0	0.0	0.0	0.0	0.0	0.0
271.3924364362321	0.9672359918131406	0.9355454638587496	73653.85455479429	318.892520068867	1.4072165972804669	101692.43935587272	1.980258551661616	189.76658401891385	0.0615494284381554	36011.35641020749	0.0037883321410636	192.8523039882108	290.0783024545443	1.047377	22.028713	0.11810022	0.0633948	0.0128094268	0.0667893084	0.1340694111	-0.0521408959	0.0311636692	-0.001738562	-0.0486787689	-0.1377416056	0.0388480038	0.049707315	-0.0401755071	0.030192773	-0.0275236631	0.0792124132	-0.0654995735	-0.0667369205	0.0430150574	-0.0871149771	0.0104377545	-0.0289346761	-0.0186095208	0.1368295556	0.0228716155	0.020118778	-0.0388623662	0.0261436988	0.0230153375	-0.0465187797	-0.1244952831	-0.095129181	-0.103975573	-0.0495713407	-0.042512353	-0.1234667288	0.0476606734	0.0018450113	-0.0469565323	-0.0583063487	-0.0561839063	0.0150838113	0.0637650149	0.0511317052	0.1207884404	-0.1435451985	-0.040266712	0.0532412327	-0.0332527382	0.0593464335	0.130856748	-0.0085289755	0.093165409	0.1704861746	-0.0745866382	0.0823134781	-0.1375903298	0.0790848398	-0.1936394611	-0.1690447385	-0.17759783	-0.0795434071	0.0124885143	-0.0403385344	0.1020476879	0.0163460904	-0.0242408741	0.0152539669	0.001500973	-0.0713268426	0.0816512254	0.0156027918	0.0175349902	0.0526118212	-0.0638518093	-0.0907663791	-0.1077066731	0.1416274021	-0.0250983234	0.0834600935	0.0433058397	-0.063174903	-0.0012183427	0.1051982222	0.1548450262	0.0157436989	-0.104334526	0.0088112067	0.1103795345	0.0340453833	0.0090392449	0.1271391527	0.014898865	0.0093583262	-0.0648151326	-0.0133528757	0.0732205301	0.006688359	-0.0336297114	0.013479374	0.094650496	0.0360887052	-0.0734530053	0.196086882	0.1257175677	-0.2969034559	0.0128409845	0.0764844511	0.0126288598	0.0783567069	-0.0309923112	-0.0307465142	0.0045746299	0.0890842083	-0.0082227592	0.0057944755	-0.043288972	-0.0145482695	-0.0337664185	0.0815848563	-0.0527271179	0.0366497084	0.010649128	-0.056758215	0.0732608537	0.0274320631	-0.0123652654	0.0080022545	-0.0873628459	0.0793909081	-0.045062538	-0.0718975986	0.0908858965	0.0186974948	-0.0624505233	-0.00909994	0.01274606	8.280890800360001e-05	0.0001624620455236	-0.0298039	-0.02490603	0.0006203103303609	0.00088827245521	-0.0514096	-0.0266276	0.00264294697216	0.00070902908176	0.000402292	0.000797407	6.35857923649e-07	1.61838853264e-07	-5.82648e-05	3.61556e-05	3.3947869190399998e-09	1.3072274113599996e-09	-0.000159557	0.000242848	5.8975151104e-08	2.5458436249e-08	0.0	0.0	0.0	0.0	0.0	0.0	0.0	0.0	0.0	0.0
271.0168997083175	-0.3755367279146071	0.1410278340128096	73450.15992750823	319.46140424523344	0.5688841763664527	102055.58880233644	0.3236292061201373	189.8538049881573	0.0872209692434751	36044.46726848127	0.0076074974757712	192.92988880451165	291.5609546030982	1.029265	21.647779	0.1089715699999999	0.0645458	0.0097165147	0.0786103308	0.0470407158	-0.1225502772	0.1373444187	0.0284881011	-0.1380964882	0.0166058977	0.1037141232	0.0818929567	-0.0770181934	0.0252534351	0.0297130029	0.0589387281	-0.0034719736	-0.0744627065	-0.0387938047	0.1235374318	0.077800837	-0.0753880628	-0.091271865	-0.1589588849	-0.1305634265	-0.0172554436	0.0536885553	-0.034913196	-0.0309277359	-0.0600094687	0.0287432715	0.0380105577	0.007292164	0.10858774	0.1125570033	-0.0064354041	0.0199949035	0.0662955496	0.1217193223	-0.0507411003	-0.1240694624	-0.1250433057	-0.0387263649	0.0355412287	0.0990089689	-0.0961126719	0.0412776832	-0.122156186	0.0586785895	-0.0971568673	0.0460603979	-0.1628514257	-0.0236885771	0.062262794	-0.0677947353	-0.0466107098	-0.0286019698	0.1106580592	-0.0357151167	-0.0746904972	0.1446763214	-0.0397314369	-0.0016798839	-0.1203362817	-0.0913682638	0.0242045704	-0.0673807253	0.0863174403	0.0025272184	0.133566683	-0.0377843157	0.1287596899	0.030242328	-0.0569187609	0.0860203901	0.0930278751	0.0945227277	0.0604492277	0.0559835843	0.0026283385	0.1876703935	0.0464974637	0.036806089	0.0064165715	0.071609822	0.0649183329	0.0816105404	0.0040578413	0.0741363837	0.0922656189	-0.1368220372	0.1142605125	0.0694058087	-0.0853647022	0.1386576537	0.0228638781	-0.0730338017	0.1251448337	-0.0199371988	0.0788285198	0.1157462989	-0.0569409333	0.0389451967	0.0157794902	0.0101389629	0.0290878394	0.0045451532	-0.1666082449	0.0233556151	0.0316051467	0.1368177528	0.0035852468	-0.0067064401	-0.0090301063	-0.0042375061	-0.1048538385	-0.0010523308	-0.0779603571	-0.1221464571	-0.0025716494	-0.0064601893	-0.1360850363	-0.0889125822	0.0214892655	-0.0315850346	-0.0204009062	-0.0163489112	-0.0218563871	-0.0462947262	-0.0794000192	-0.1710590616	0.0750259307	0.0891212848	0.0133823145	-0.0691644489	-0.007025	0.00207494	4.9350625e-05	4.305376003600003e-06	0.0262501	0.056054	0.0031420509159999	0.0006890677500099	-0.0424327	0.0089769	0.0018005340292899	8.058473361000006e-05	3.97802e-05	-0.0003625118	1.3141480513923998e-07	1.58246431204e-09	0.000108819	0.0001670838	1.1841574761e-08	2.791699622244e-08	0.000148162	0.000307719	9.469098296100001e-08	2.1951978244e-08	0.0	0.0	0.0	0.0	0.0	0.0	0.0	0.0	0.0	0.0
270.6333800521012	-0.3835196562163219	0.1470873267042857	73242.42639842504	318.483935562157	-0.977468683076438	101432.01721116016	0.955445026395186	189.6451195825157	-0.2086854056416314	35965.27138146668	0.0435495985278122	192.7058080803472	287.7936768941287	1.15841	24.363976	0.0806938099999999	0.0427023	0.0286411437	0.0633691285	-0.0501042489	-0.1258681804	-0.076786121	0.0395483245	0.0534894562	0.1162574365	0.0327780736	-0.0053838616	-0.020920801	0.0874197698	0.069980071	-0.1245053338	0.0417457222	0.0993553048	-0.0850413896	0.016698235	0.0639394857	0.0326421996	0.0296627139	0.016196146	0.0742703347	-0.0294793341	0.019433577	-0.0008356967	0.1570973745	0.1312366731	0.0036649375	0.0590791281	-0.0676234329	0.0367809547	0.0851256332	-0.0698261318	-0.0505299741	-0.009110761	0.0555546804	-0.0867496083	0.0933892705	0.0563461105	0.0142181702	-0.0372568516	0.0273951833	-0.0816727276	-0.1542694869	0.1105313752	-0.0128904951	-0.0223211791	0.0798118125	-0.0678933799	0.1329681209	0.0892159824	0.1045736106	-0.0738246773	0.043808209	-0.1186444514	-0.0742769111	-0.1103905039	0.0281779855	-0.0289857639	0.1065939326	0.0937689023	-0.0945253684	0.0295395791	-0.056652767	-0.0361049584	-0.0021822037	-0.0591278456	-0.0619187929	0.0006482189	-0.0286587903	0.0749981092	-0.1377744226	-0.0840369256	0.0888558842	-0.0349332914	0.0583955596	-0.0090328055	0.0968555213	0.0022675042	-0.0050306848	0.0907779103	0.015488996	-0.063196855	-0.0667572687	0.0559323301	-0.1171767767	-0.0260613335	-0.0480215666	-0.0023276905	0.0164668837	-0.0721572534	-0.0723731434	0.0837560561	0.1513258687	-0.0142415346	-0.0268155355	-0.043576879	0.1668117652	-0.085804097	-0.0165356032	-0.0488491942	-0.0775700525	-0.1257068871	-0.0924675233	0.1129851022	0.0574529678	-0.1105791229	-0.0349924208	-0.0715543689	0.0965855893	-0.1077339593	0.1015996215	0.0034319394	0.0024397952	0.0332038397	-0.0871237717	0.0428140581	-0.0405193835	0.00547422	0.029099526	-0.0154420279	-0.000165424	0.0511284461	-0.1052842972	-0.1380494816	0.0394928723	-0.0130137924	-0.0349917328	-0.0885694138	0.0873117978	0.008040184	-0.0755650422	-0.00403018	0.0029948199999999	1.6242350832400005e-05	8.968946832399998e-06	-0.00436068	-0.0306107799999999	0.0009370198522083	1.90155300624e-05	-0.0270025	0.0154301999999999	0.00072913500625	0.0002380910720399	-0.000395115	-0.0004348952	1.8913383498304e-07	1.5611586322499998e-07	0.000249536	0.000140717	6.2268215296e-08	1.9801274089e-08	0.00020571	5.754800000000001e-05	3.311772304000001e-09	4.23166041e-08	0.0	0.0	0.0	0.0	0.0	0.0	0.0	0.0	0.0	0.0
271.1242924111446	0.4909123590434205	0.2409949442615762	73508.38193544385	319.1131705086807	0.6292349465236953	101833.21559210232	0.3959366179266776	189.56491927661904	-0.0802003058966533	35934.85862035109	0.0064320890659167	192.5965399441381	289.96254903286865	1.076164	22.634163	0.08005972	0.0491546	0.036905197	0.052756083	0.0931227251	-0.1036539509	0.0013568322	0.0022269121	0.0991287149	-0.0794603683	-0.027621235	-0.0152184955	-0.0994635296	0.0161870726	-0.0693053616	0.0568264454	-0.0251444932	0.0597684546	-0.0079785442	-0.0621193868	0.0167813402	0.0223913639	-0.0383100248	0.1017955586	-0.0554851023	0.1071244648	-0.022114464	-0.1953945215	-0.0611483545	-0.1297467077	-0.0808354756	0.0987842433	-0.0190047571	-0.0162981867	-0.043389787	-0.0327472519	-0.163157938	-0.0326284876	-0.2310520126	0.0630929931	-0.0622424646	-0.1435094755	-0.0369348121	-0.1094708244	0.0285537203	0.0182563029	0.0588929277	0.1221874097	0.0807843973	-0.0077707869	-0.160720825	-0.0587890503	-0.0352885351	0.0015470148	-0.1166211711	-0.0701722834	-0.0307990434	-0.021802866	0.0275257177	0.0126992126	0.138522711	0.0042543213	0.0957947548	0.093114101	0.0421300897	-0.0017903653	-0.0244599304	-0.008527026	0.0557246372	-0.0214608961	0.1347297497	-0.0076702725	0.066706277	0.0669173019	0.1182530365	0.143868659	0.0224841742	0.1191609355	0.0365175636	-0.100081178	-0.0443276097	-0.0012029507	-0.0802621242	0.1635758745	-0.1212596906	-0.1565484056	-0.1265097188	-0.075234108	0.1608120841	0.1005888144	0.0213584849	-0.0470501745	-0.0387469863	0.0011238066	0.1816462891	-0.0297681446	0.050207416	-0.0313243269	0.0244223007	0.0632610556	-0.0284999875	-0.045727859	0.0310888471	-0.0229037281	0.1200815335	0.1241406244	-0.0638812115	0.0033295541	0.0358005627	0.0808997449	-0.0060072271	-0.0378947372	0.0113741558	0.0722033879	0.0235918342	0.122869013	0.0377042944	0.0606006509	-0.0481893212	0.073824672	-0.1246584206	-0.0227080417	0.054409332	-0.0661368437	0.0059814453	0.0199450488	-0.0933190189	0.0457465508	-0.1601094931	-0.049176368	0.0340508003	9.97252e-05	0.0854583468	0.0026818616	-0.081623307	0.00109362	0.0051238	1.1960047044e-06	2.6253326440000005e-05	-0.0257033	-0.02134262	0.0004555074284644	0.0006606596308899	-0.0356824	-0.0086799	0.00127323366976	7.534066401000007e-05	0.000372103	0.000767218	5.886234595239999e-07	1.38460642609e-07	0.000280177	3.064099999999998e-05	7.8499151329e-08	9.388708809999988e-10	0.000105301	-0.000100409	1.0081967281000002e-08	1.1088300601e-08	0.0	0.0	0.0	0.0	0.0	0.0	0.0	0.0	0.0	0.0
271.06438281448135	-0.0599095966632603	0.0035891597723545	73475.8996305957	318.9501642010517	-0.1630063076290184	101729.20724387784	0.0265710563268462	189.56198455982363	-0.0029347167954085	35933.74599025881	8.612562669253184e-06	192.66413193694817	290.5339557216666	0.969016	20.3806	0.09423982	0.0598106	0.0505197214	0.0776743268	0.0446698721	-0.0994324054	0.0395209374	0.0427193941	-0.0147228269	-0.0833001692	0.0260939633	0.1015573541	-0.0080495596	-0.0400903522	0.0451016757	0.1048545507	-0.0222278854	-0.0453339664	0.087510793	-0.0433059011	0.05283169	0.0117043785	-0.0293352271	0.0198424184	-0.1268910853	-0.0544395249	-0.0743730659	0.0517872177	0.1592844852	-0.060742305	-0.0094909185	-0.1322488749	-0.0412285222	-0.068085271	0.0308495167	-0.0602599569	-0.1126628013	0.1799291388	-0.1443610047	-0.0233441963	-0.0828680214	-0.0665577957	0.0614556494	0.1180434736	-0.0564816097	-0.1939724617	0.0286922423	-0.0735571926	-0.1400895913	0.0639151464	0.0096818691	-0.038696679	-0.0083115303	0.0062723503	-0.0789883122	-0.0242370163	-0.0013096895	-0.0500124807	-0.1551044802	-0.053586092	0.0184429412	-0.0092865008	-0.1854640493	-0.0340744096	0.0856922381	-0.0399410969	-0.0584914404	0.0167081661	0.0135189017	0.0760384899	0.0890979344	-0.00944556	-0.0364830453	-0.061710165	-0.1344452719	0.0078393328	0.0234676761	0.1083044034	-0.0843551492	0.0698222188	-0.0109009484	-0.017744491	-0.0333782764	-0.01715429	0.0932225827	-0.1682198766	-0.0855198126	-0.2031948064	0.049790312	0.0777793398	-0.0762375243	0.0521525997	0.1686474556	0.0986025951	-0.0940369632	-0.004351526	0.0201937804	0.0782957316	-0.1457850711	0.0466299406	-0.0448063724	-0.1054569225	-0.0062346166	0.1331518874	-0.0567989517	-0.0516193929	-0.1150616217	-0.0483489026	0.0482018979	0.0316109169	0.0858969492	0.0045948152	0.0346228598	0.0890300633	-0.0875651725	-0.0472581027	-0.0189847833	0.0126360557	-0.170417121	-0.016126122	-0.0116975318	-0.0974372073	-0.0563887503	-0.0142875707	0.0385516008	-0.0057826584	0.0357483824	0.0047834715	-0.030814931	0.049034788	0.0189246496	-0.1428355468	0.0835618648	-0.0026818616	-0.0873117978	0.00353869	0.00244507	1.2522326916100002e-05	5.978367304900001e-06	0.0282402	0.0539435	0.0029099011922499	0.00079750889604	-0.0304236	0.0052588	0.00092559543696	2.765497744000005e-05	0.000102549	-0.000269554	7.2659358916e-08	1.0516297401e-08	0.000368137	8.795999999999999e-05	1.35524850769e-07	7.736961599999998e-09	0.000399636	0.0002943349999999	8.663309222499999e-08	1.59708932496e-07	0.0	0.0	0.0	0.0	0.0	0.0	0.0	0.0	0.0	0.0
270.39548205270484	-0.6689007617765128	0.4474282291051991	73113.71671451462	318.181995635584	-0.768168565467704	101239.78234664278	0.5900829449727102	189.8712501233425	0.3092655635188635	36051.09162340088	0.0956451887786401	192.9470651036711	285.9481664474401	1.102165	23.181019	0.07148035	0.0370732	0.043205369	-0.0071397227	-0.0022274131	-0.0166735709	-0.0638029505	0.0436476651	-0.1038462419	0.0363466867	0.0643647714	0.0385253964	0.0745482702	0.0745076321	0.0344900168	-0.1448285382	0.1170818077	-0.1001217458	-0.0165550823	0.0912594754	0.0721023346	-0.0837681687	-0.0010793479	-0.0584177187	0.170909067	0.0504427632	0.0826183696	-0.0241422287	-0.0926500561	0.0032629036	-0.055544515	0.0274794326	0.0575368368	0.0062982422	0.1492000131	-0.11328517	-0.0915384251	0.1069189708	-0.1061143336	-0.1161276648	0.0626895069	0.0763022004	0.0308637607	-0.0899280032	-0.1390695945	-0.1253493903	-0.1186152481	-0.0168469502	-0.0914624366	0.0393859418	0.1067957257	-0.0379843713	-0.0734879983	0.0050839932	0.0221923291	0.0406373944	0.0113078276	0.0008095596	-0.0805337896	0.1071130828	0.0943595274	0.0371427691	0.0563980777	-0.1137745602	-0.0521665907	0.0356488442	-0.0523633196	0.0782232363	-0.041870679	-0.1324897505	-0.1379826657	0.04174676	0.063884058	0.0115401688	0.0513067529	0.0289097295	0.0110385666	-0.0228402608	-0.0571793671	0.0064730389	0.1833026569	0.0812938129	-0.0558168161	0.048884614	0.0303871777	-0.1693849544	-0.0917191013	-0.0417068166	-0.0909121428	-0.036032708	0.065186274	-0.0988262386	0.0012755571	-0.0766923353	-0.1781035074	0.054299311	0.048127613	0.1697472881	-0.0100237751	0.0442773243	0.0552391981	0.1034724074	-0.0118454218	0.0673903406	-0.0419838384	0.1034271942	-0.0635126395	0.0557386236	0.0531291129	-0.0498627248	-0.0642547876	-0.0298669105	0.0602554473	-0.0351172156	0.1255921277	-0.1429989952	-0.004220268	-0.0199837715	-0.0542169723	-0.1204233319	0.0098938448	-0.0482057049	-0.0148445176	0.0055846726	-0.1254750903	0.0421274336	0.0317187656	-0.0689607303	0.0136344389	-0.014895019	-0.0080313198	0.0618493485	0.081623307	-0.008040184	-0.0926047444	-0.00342865	-0.00696734	1.17556408225e-05	4.854382667560001e-05	-0.00226239	-0.03050259	0.0009304079967081	5.1184085121e-06	-0.0159238	0.0144998	0.0002535674064399	0.00021024420004	-5.95714e-05	-0.0001621204	2.628302409616e-08	3.5487516979599996e-09	0.000476769	0.000108632	2.2730867936100003e-07	1.1800911424e-08	0.000280176	-0.00011946	1.42706916e-08	7.8498590976e-08	0.0	0.0	0.0	0.0	0.0	0.0	0.0	0.0	0.0	0.0
270.0048899981782	-0.3905920545266212	0.152562153059327	72902.64062292832	317.19621032343434	-0.9857853121496304	100613.4358435484	0.9717726816499443	189.46509322059973	-0.4061569027427651	35897.02154909055	0.164963429645596	192.55802707249	281.4187086918933	1.078472	22.682697	0.06842105	0.0407347	0.0869568549	-0.1304891671	-0.0149438186	0.0088220182	0.0231981164	0.0569581782	0.0135803401	0.0685414895	-0.0479585089	-0.1337676683	-0.0976592968	-0.0281065494	-0.0805372886	0.0073485306	0.1166695679	0.0896272809	-0.0791390881	0.0357809342	0.0698922277	0.1310547888	0.0506950585	0.1765474331	0.0305122035	-0.0222569662	0.1304690779	0.052313871	-0.0095198371	0.0698095443	-0.0064590948	0.0947566997	0.0627262648	0.0874821676	0.0537539544	0.0518827557	-0.0447506417	0.0364314369	0.0075131973	0.1151814133	0.0080579731	-0.0930950049	-0.0502481376	0.0317924226	0.0175684363	-0.008182903	0.0124970437	0.0560130944	0.0235138979	0.0273110652	0.0157509522	-0.0683680692	-0.1922575609	-0.1690802501	0.0584224637	-0.015051391	-0.0011208031	0.0320301175	-0.1097546589	-0.0088656493	-0.0433647281	0.0821296918	0.002931328	0.0789063777	-0.0917559043	0.0290305838	-0.0681424633	-0.1462974738	0.0554899042	-0.1458187795	0.1171297983	0.0865342559	-0.0263718036	0.007329111	-0.0529574205	-0.0400943133	-0.0101947553	-0.0742175251	0.032998573	-0.0650532878	0.0611159342	-0.0533428993	-0.0336214032	-0.0048494543	-0.1280458388	-0.0078130868	0.041543951	-0.0687795312	0.0334025286	0.0315776619	-0.0608403813	-0.0214942453	-0.101447824	-0.0110283154	0.0043781506	-0.0099980569	0.0150648547	0.1677575133	0.035152171	0.1113149434	-0.1151611674	-0.0743181775	0.1835652831	-0.0670422133	-0.0917115505	0.0250192056	0.0478351236	-0.0270059741	0.0543437732	0.0885409838	0.0228646356	0.0127350044	-0.0316286038	-0.01640549	0.0996097382	0.0686572319	0.1241860533	0.1187339532	-0.0305929457	-0.0689596054	-0.0751741422	-0.0077218922	-0.007206715	0.1166235749	-0.159299051	0.108541246	0.0564039746	-0.0168502813	0.0150072716	-0.0158673806	0.0016328174	-0.1471062954	0.0796436494	-0.0133823145	-0.0974781683	0.00705677	0.01048542	4.9798002832900005e-05	0.0001099440325764	-0.0077466	-0.00548421	3.00765593241e-05	6.000981156e-05	-0.0139143	0.0020094999999999	0.0001936077444899	4.038090249999996e-06	0.000647169	0.0007067404	4.9948199299216e-07	4.1882771456100005e-07	0.000591055	0.000114286	3.4934601302500005e-07	1.3061289796000014e-08	0.000467988	0.000187812	3.5273347344000014e-08	2.1901276814400006e-07	0.0	0.0	0.0	0.0	0.0	0.0	0.0	0.0	0.0	0.0
270.20743715505847	0.2025471568802572	0.0410253507602755	73012.05909390487	317.8610860871011	0.664875763666771	101035.67004847153	0.442059781111472	189.55260421285004	0.0875109922503156	35930.18976387338	0.0076581737646348	192.61833419567503	282.6026164787637	1.067801	22.458281	0.067445855	0.0362446	0.0309301821	-0.0662900685	-0.1014219914	-0.0910510488	-0.0285488837	0.0329571744	0.1247478585	0.0098846699	-0.078623633	0.0283168215	0.0141998473	-0.1290899939	-0.0456347535	0.0798396826	0.0116453513	0.0718839577	-0.0056048742	-0.0777869384	0.0371702858	-0.0279064095	-0.004498346	-0.0414703348	-0.0452179971	-0.0535347914	0.0566346108	-0.0700638499	0.0266256178	0.0946970577	0.1255497476	-0.1901588457	0.1363540431	0.0359801513	-0.1062062915	-0.1968533681	0.0082108026	0.0013559594	-0.0701006454	0.0592766913	-0.0368049315	0.0110240572	0.1115538518	0.0045321609	-0.0401901783	0.1389134548	0.1056544859	-0.0894684596	0.0135396366	-0.0230277511	-0.0684397026	-0.0254123014	-0.0138094674	0.0977935979	0.0040020795	-0.0386153206	-0.0144494787	0.03865042	-0.0711554658	-0.1452960896	-0.0895540382	-0.0127227592	0.1246278023	0.1015740808	0.0417087073	-0.0052529384	-0.0398525362	-0.0030069381	-0.0381815272	0.0675231271	-0.0157288258	0.0925304814	-0.0395020185	0.0035287774	0.0515616302	-0.0163530334	0.1327896275	-0.0578405514	-0.2530495703	-0.0525079498	-0.1019878315	-0.0588225072	0.0912475316	0.0985141242	0.0112506926	-0.0994209259	0.1155857562	-0.0791957026	-0.0828600096	0.0441143099	-0.0109060288	0.0204079411	0.0639444394	0.1068656263	0.0043456521	-0.0656919518	-0.0838396014	-0.0947380655	0.082618597	0.1156475412	0.0882580618	0.0022584321	0.0149594699	-0.0098513947	0.0578108615	-0.1396395308	0.1107236114	0.0541883699	0.0482566659	-0.0362811105	0.0968092819	-0.0368562777	0.0127043155	-0.000135474	-0.1143026796	0.0470740573	0.0724967667	0.1167302808	-0.0469637616	-0.0915180973	-0.0262775034	-0.1461159301	-0.0403444095	0.0460358199	-0.0598795604	-0.0223181108	0.0664813025	0.0713087141	-0.0677132909	0.0009115344	0.0977475948	-0.0170262476	0.0776238888	-0.0186974948	-0.1019099918	0.000647115	-0.006409655	4.18757823225e-07	4.1083677219025005e-05	0.0203518	0.0280984	0.0007895200825599	0.0004141957632399	-0.0209323	-0.007018	0.00043816118329	4.925232400000002e-05	0.000267324	-0.0003798449999999	1.44282224025e-07	7.1462120976e-08	0.000591055	0.0	3.4934601302500005e-07	0.0	0.000606539	0.000138551	1.9196379601e-08	3.67889558521e-07	0.0	0.0	0.0	0.0	0.0	0.0	0.0	0.0	0.0	0.0
270.282615000437	0.075177845378505	0.0056517084357544	73052.69197147444	317.3234407016762	-0.5376453854249235	100694.1660187502	0.2890625604687145	189.3876228990541	-0.1649813137959483	35867.67170735432	0.0272188339018371	192.5305144586684	284.0573135596884	1.128766	23.740511	0.068651885	0.0413608	0.0689556706	-0.0241500581	0.046208479	0.0020306826	-0.1150444364	0.069972765	-0.0075753983	-0.0901884906	-0.0120726877	0.0484956704	0.076657819	0.0339244054	-0.0403683008	-0.0957234397	0.0350084534	-0.0518242477	0.1084774847	-0.0677812981	0.0529448455	0.0040521613	-0.0151997682	-0.0492415846	0.1359279294	0.0742981065	-0.0758469128	0.0059592443	-0.0524640693	0.0114880758	0.0693585531	-0.0340687162	-0.0275912625	-0.0584773355	0.0158735598	-0.0523490785	0.0343642218	0.0363465417	0.0916619214	-0.1640068335	0.0236478537	0.0944801376	-0.0901170879	0.0002377579	0.0417840719	0.2081951238	0.0716660551	-0.0012051474	-0.1377828218	-0.006941556	0.1124036023	-0.0416442062	-0.0870215072	-0.085185451	0.0974666868	-0.2526208138	0.0502657121	-0.1538183448	0.0084553672	-0.0757587216	-0.1736235531	-0.1135012462	-0.0948466189	-0.0371071211	0.1192848037	-0.0470005283	-0.057745556	0.0155316693	0.0171069673	-0.0593745043	-0.1039082705	-0.0794692928	0.0785009447	-0.0210946508	0.0374286592	-0.0027828576	0.0533100045	-0.0374237154	-0.0386559211	0.0607975327	-0.0111645008	0.0542932857	-0.0334423059	-0.0359292512	0.177259376	0.0103172504	0.0783695394	0.0825689756	-0.0645328952	-0.1444441721	-0.0214542821	-0.0427808282	-0.1476749103	0.1284454166	-0.0749683364	0.0272971977	-0.0505606505	-0.0796205558	-0.0385945701	0.1209794517	0.1061229297	-0.2519021093	0.1406758739	-0.0960214789	-0.0521651117	-0.1548897507	0.0794674173	-0.0472561651	0.0662888096	-0.0091612646	-0.1127719221	0.0737060439	0.0757652832	0.0285323197	-0.0215931451	-0.0454043471	-0.0083668111	0.1130457306	-0.0435355441	-0.1626987183	0.1526565946	-0.0446097636	0.0273906935	-0.0195794912	-0.0799283119	-0.0253261391	0.0918191289	-0.1139909799	-0.0379602704	0.0820040951	0.052110669	-0.2591929984	0.0755650422	-0.0239750208	-0.1058801375	-0.00345772	-0.004104835	1.19558275984e-05	1.6849670377225002e-05	0.0183519	-0.0019998999999999	3.999600009999995e-06	0.00033679223361	0.0162486	0.0371809	0.0002640170019599	0.00138241932481	0.000421416	0.000154092	2.3744344464e-08	1.77591445056e-07	0.000591055	0.0	3.4934601302500005e-07	0.0	0.000253306	-0.000353233	1.24773552289e-07	6.416392963600002e-08	0.0	0.0	0.0	0.0	0.0	0.0	0.0	0.0	0.0	0.0
270.1196837812988	-0.1629312191381586	0.0265465821698466	72964.64356610886	317.31375110173565	-0.0096895999405433	100688.01663825424	9.388834700777678e-05	189.4710787438181	0.0834558447640176	35899.289680346126	0.0069648780252758	192.50688055402665	283.1400441590002	1.04929	22.068953	0.0899672099999999	0.0524767	0.046362521	-0.0980202912	0.0279670727	0.1025323362	0.0916373313	0.0334828981	-0.1234288615	0.0201680479	-0.0207321843	-0.0396646729	0.0387560812	-0.0084073774	-0.0897028348	0.0285392982	0.0441812876	-0.0514984973	0.0782281588	0.0885176105	0.0675752954	0.0002343661	0.06428851	0.0273201414	-0.0402375063	0.0187419273	-0.1070770031	0.0394502688	-0.0093396873	-0.0278415664	0.0282711991	-0.0621419879	0.0269660396	0.1070729772	0.0584043848	0.1337644126	-0.0503300354	0.0731922745	-0.0281197831	0.0038021475	0.07142188	0.1161144937	0.0971819862	0.0249579429	0.0190913968	0.0438510237	-0.0630777181	-0.0501235586	0.1658676965	0.1011039221	-0.1263467807	-0.0899965487	0.0012967707	0.0874069327	0.0906895812	0.0286908778	0.0229158667	-0.0566763927	0.0990862901	-0.01238527	-0.1610411406	0.0520194377	-0.0253652772	-0.1018248152	-0.0301102826	-0.0749959164	-0.0579497897	-0.0033681701	-0.0413908233	0.019739812	0.0504093404	-0.117170651	-0.0179733284	-0.0054459553	0.0315807126	-0.0341176028	-0.0052607642	0.0066147965	-0.0368222409	-0.042456395	0.03813426	0.0025666554	0.0625663145	-0.149205976	-0.097105959	0.0022882627	-0.1201940659	-0.0846185687	-0.1678832166	0.004548249	0.1046387078	0.0634623246	-0.0170910083	0.0051330699	0.1258562666	0.027385469	-0.094203424	-0.0502905686	-0.104569597	0.0073233635	-0.0097804137	0.1011442371	0.0123561275	-0.0762717695	-0.0358305077	-0.0667288603	0.0020717032	0.0275853761	0.0240437353	0.0965874671	0.0307297501	0.0545767289	-0.0550681263	0.0324916563	0.0324322028	-0.0718729835	0.0420443162	0.0550105927	0.051189951	-0.1306256954	0.0695723637	-0.0602432748	-0.027320969	0.1264411163	-0.1305362662	0.0650627652	0.1470292229	-0.0765564407	0.0277765849	0.0498712307	0.0495438146	-0.0088678181	0.0734681463	-0.0292042644	-0.1093706198	0.00243696	0.00589468	5.938774041600001e-06	3.4747252302400006e-05	0.00326537	-0.01508653	0.0002276033874409	1.06626412369e-05	-0.0157599	-0.0320084999999999	0.00024837444801	0.0010245440722499	0.00101493	0.000593514	3.522588681960001e-07	1.0300829049000002e-06	0.000667309	7.625399999999999e-05	4.453013014810001e-07	5.814672515999998e-09	0.000183524	-6.9782e-05	4.869527524e-09	3.3681058576000014e-08	0.0	0.0	0.0	0.0	0.0	0.0	0.0	0.0	0.0	0.0
270.09212778468134	-0.0275559966174796	0.0007593329495825	72949.75749125663	317.4663929484679	0.1526418467322514	100784.91065171103	0.0232995333738321	189.51013823336945	0.0390594895513345	35914.0924932308	0.0015256437240108	192.5724869189236	283.03235593677243	0.974642	20.498919	0.06050273	0.0275454	0.0069811608	-0.0693974075	-0.1266045194	0.117660662	0.114274727	0.0264279187	-0.0146303829	0.1506729375	-0.0075120937	-0.0284687524	0.0169206632	-0.0395568343	-0.0504921141	0.0563228349	-0.0224075149	0.1089531336	-0.0436667038	0.1074215577	0.0363251357	0.0802318202	-0.0398283964	0.0809291729	-0.1258794156	-0.0354139671	0.0371043498	-0.1028286472	0.0881130462	0.0430565378	-0.111335788	-0.0266890027	-0.1303520091	-0.1045553952	0.204601911	0.093483418	-0.0247580971	0.0781868829	0.0579275976	0.0393130352	-0.0419778371	-0.0026914861	-0.1076791998	-0.1269803914	-0.0549855994	0.2786655044	0.0348374047	0.0509504196	-0.0993833965	-0.0015998991	-0.001104863	0.0333784653	0.0467468272	0.1067762531	-0.002481502	-0.0954145743	-0.017295419	-0.1025162625	0.0518236077	0.0491615367	-0.0855375934	-0.0582733351	0.0020880145	0.0515250843	-0.1480837023	-0.0341813838	-0.0409830767	-0.0333102171	0.0594873863	0.0617664783	0.1151599503	-0.0192488309	-0.0812098409	0.1097011566	-0.0786761274	0.0151395807	-0.0386937451	0.0563388234	0.0944388531	0.0793194667	-0.0178831007	0.2541754882	-0.0323187495	-0.0606800649	-0.056373461	-0.0736226679	0.1417514232	-0.0926832544	-0.0099974383	0.0069635554	-0.0426497621	-0.1430195115	-0.1629694906	0.0354455539	-0.0482733774	-0.0542324267	0.0445807433	-0.2268523641	0.0447249416	0.0618130037	0.1118906049	-0.0751751599	-0.0786954749	-0.0777516412	-0.034885702	0.0511021726	0.0904302455	0.0218394515	0.0201536135	-0.0137572252	0.1056853221	-0.0164569645	-0.0649658394	-0.0835937501	0.0140376191	-0.0102561908	0.0604153416	0.0308100757	0.0373126323	-0.047904824	0.0559131637	0.0665257858	-0.0061158117	0.0590061244	0.001614858	0.0595165435	0.0391079856	0.111120993	-0.0706317613	0.0817778049	-0.1310125428	-0.1266866745	0.0713342571	-0.0343746944	-0.1123656258	-0.00909567	-0.01153263	8.27312127489e-05	0.0001330015547169	0.00656657	0.0033012	1.089792144e-05	4.31198415649e-05	-0.0332181	-0.0174582	0.00110344216761	0.00030478874724	0.000605918	-0.000409012	1.6729081614400005e-07	3.67136622724e-07	0.000591055	-7.625399999999999e-05	3.4934601302500005e-07	5.814672515999998e-09	0.000262472	7.894799999999996e-05	6.232786703999994e-09	6.8891550784e-08	0.0	0.0	0.0	0.0	0.0	0.0	0.0	0.0	0.0	0.0
270.50434580366056	0.4122180189792175	0.1699236951711505	73172.60109866638	317.5014487841066	0.0350558356387296	100807.16998000669	0.0012289116123296	189.5436711642636	0.0335329308941538	35926.803278426494	0.001124457454352	192.6137147598964	284.9304177677564	0.945485	19.885695	0.036071098	0.0217543	0.0272273228	0.0048898016	-0.1504655481	0.1450486162	-0.0409103181	0.0303626014	0.1203469782	0.0677186828	-0.0366317534	-0.0117373301	0.0572195185	0.0130073848	-0.0243874065	-0.0187475811	-0.1027127327	0.1153543736	-0.0349124517	-0.0462664019	0.0324718902	-0.0528818753	0.0519952143	-0.0184119336	0.0157622879	0.0141012216	-0.0712716123	0.1633622321	-0.0688292012	-0.0529634342	0.0263430419	-0.0505022737	-0.0443163947	0.0495425861	-0.0646774236	0.0571185669	-0.0319915462	-0.0591172869	0.0967939706	-0.1997514266	-0.004452092	-0.0417607679	-0.0876713129	-0.0217142137	-0.1348227888	-0.0845954654	-0.0134366154	0.0675965196	-0.018666393	-0.1406674333	0.2093077158	0.0526154623	-0.2035111486	-0.0898706627	-0.04441	0.0865749955	0.130070714	0.0290952685	0.0648960131	-0.0136040757	0.1591302344	0.081545546	-0.061796225	0.1291028064	-0.0069994191	0.001675849	-0.0329910902	0.0252549006	-0.0728877703	0.0126256494	-0.0301358442	-0.1061995323	-0.0009322379	-0.1502311372	0.0176223895	-0.0981200882	0.0322357645	0.0664103891	0.0034483774	-0.0584412531	0.030016221	0.0328132978	-0.0015610989	-0.1042620384	0.1093128699	0.0186094877	0.0246232988	0.1894708545	0.0726628688	-0.0322928212	0.0481763169	-0.0178712462	-0.0322342817	0.0613123581	-0.0442215651	0.1880567123	0.0550304905	0.1729648488	0.1308201276	0.0059495742	-0.1159457891	0.0625545462	-0.0077227662	0.0933260465	-0.0898486069	0.0931548903	-0.1181974549	-0.1942910158	0.0446039772	-0.0942378318	0.026807458	-0.0312297303	0.0276015553	-0.0818139409	-0.054967801	0.0502762393	-0.0092340305	0.1230442853	0.0302593803	-0.0052316753	0.0262833606	0.0502292786	0.069755968	0.0896388755	-0.0485461286	0.0204555836	0.2243645135	0.0388411071	-0.089629753	0.0539122753	-0.0014029937	0.0430910984	0.0691644489	-0.0394758984	-0.1148515874	-0.00236878	0.00672689	5.6111186884e-06	4.52510490721e-05	-0.000321838	-0.0068884079999999	4.745016477446399e-05	1.0357969824400001e-07	-0.0149307	0.0182874	0.00022292580249	0.00033442899876	0.000528665	-7.7253e-05	5.968026009e-09	2.79486682225e-07	0.000591055	0.0	3.4934601302500005e-07	0.0	0.000268587	6.115000000000005e-06	3.739322500000006e-11	7.2138976569e-08	0.0	0.0	0.0	0.0	0.0	0.0	0.0	0.0	0.0	0.0
271.1410570516266	0.6367112479660477	0.4054012132864819	73517.47281907343	318.24212616984306	0.7406773857364328	101278.05086910231	0.5486029897413565	189.71987089221992	0.1761997279563161	35993.62941136059	0.0310463441318798	192.7727818549224	289.3386397205504	0.996139	20.951057	0.013391548	0.00644579	0.0506723729	0.0802488716	0.0381805696	0.1632712663	-0.0867128661	0.0352990826	0.0878017439	-0.1295586877	-0.0157448826	0.0381478461	0.028585172	0.0762203584	-0.042131432	-0.0212416994	-0.0754469938	-0.0193195999	0.0215151583	-0.1237999443	0.0354702127	0.0891830229	-0.0138886181	0.0415701422	-0.0063799881	0.0463138518	-0.0438178071	0.003796992	0.0024443724	-0.0209941505	-0.0510705163	0.0299818374	-0.0516388215	-0.0055279913	-0.0200736533	-0.0949676497	-0.1199164606	0.0144068192	0.0454396207	0.0160867844	-0.0688244306	0.1424471957	-0.0539535686	0.0309900849	0.0775492821	0.0743572545	0.043291743	-0.0423302708	-0.0756651672	0.1357411158	0.006451065	0.1571713246	0.0208521062	-0.0531394513	0.104354245	-0.0278186642	-0.1167806009	0.1127528431	-0.0688096141	0.1950767659	0.0520900793	-0.0777468486	-0.119837862	0.0404522404	0.1305528592	0.0266255623	-0.0482793854	-0.0204781438	0.078879655	-0.0100726185	0.0241001515	-0.0847249905	0.0469820403	-0.0046958484	-0.0375324766	0.0054853871	0.0185595619	0.1189838228	0.0722218782	-0.0154039434	0.05246461	0.0301294215	-0.1108808877	0.0993855355	0.0370122972	0.0217341385	0.1149913328	-0.0925659908	-0.0315710682	-0.1069292441	0.0883665543	-0.0091408596	-0.060545716	0.0551228252	-0.070948002	-0.1773764088	-0.0519490461	-0.0484587011	-0.0106472779	-0.0884990844	-0.0295416129	0.0647389725	0.1497940619	0.0401716039	-0.0204219131	0.0705606974	-0.0309843849	0.0935776264	0.0569924266	-0.0049786101	-0.1089513634	-0.016434856	0.0529046928	0.0543777424	-0.0260604207	0.0345287769	-0.026622983	0.0906059798	-0.0207377866	-0.0138783653	0.0606631448	0.0545352055	-0.0400444156	0.1015606243	-0.0898602617	0.1139331292	0.0940266108	0.0400162553	-0.0452512262	-0.0229486687	-0.0698717165	-0.019186744	0.0669598143	-0.0444976032	-0.1168172427	-0.00133932	0.00102946	1.7937780624e-06	1.0597878916e-06	0.0020932	0.002415038	5.832408541444e-06	4.38148624e-06	-0.0158007	-0.00087	0.00024966212049	7.569000000000017e-07	0.000586356	5.7691000000000014e-05	3.3282514810000013e-09	3.43813358736e-07	0.000673958	8.290299999999995e-05	4.54219385764e-07	6.8729074089999914e-09	0.000309534	4.0947e-05	1.676656809e-09	9.5811297156e-08	0.0	0.0	0.0	0.0	0.0	0.0	0.0	0.0	0.0	0.0
270.6698953150909	-0.4711617365356915	0.2219933819753283	73262.19222988228	318.57295348436304	0.3308273145199791	101488.72669175014	0.1094467120325012	189.85818078589884	0.1383098936789224	36046.12881133104	0.0191296266894748	192.96537842818995	290.47254600794304	0.97433	20.492373	0.05820457	0.0313373	0.0288175453	0.0679313071	0.1015372842	0.112221973	0.0701308771	0.0343289464	-0.1022186545	-0.0580634045	0.0249644201	0.0310975188	-0.0240065588	0.0719174309	0.0519729017	0.0700498013	0.0433591013	-0.1311151646	0.020924547	0.0147343207	0.0337194732	0.030036681	0.0098947684	0.0115290539	-0.0149240472	0.046467155	-0.0362415564	-0.0124286607	-0.0608668523	0.1037078823	-0.0637762622	0.0235859053	0.0668355424	0.0448566199	-0.1742003964	0.035583526	-0.0689918477	0.2541805855	0.092867257	-0.0312871356	-0.1015630962	0.0258993585	0.1034096043	0.0299973578	0.1093916395	0.0470663727	-0.0084433274	0.0313374484	-0.0658124353	0.1078859303	0.0105773946	0.2055681649	-0.0918002153	0.1353546357	0.0617965165	0.0260287161	0.1521052665	0.0578246169	-0.0568136941	-0.00957325	0.0257038401	-0.0959111849	-0.0653710635	-0.1295959821	0.0342978848	0.0292737295	-0.0416483025	-0.022922443	0.0185987885	0.0064576086	0.0218235387	-0.0131275321	0.0175904033	0.071435874	0.0780872924	-0.0554821576	-0.0266740432	-0.0546972729	-0.0041966265	-0.1157635806	0.0536501322	-0.0847154554	-0.1635498055	-0.1012798755	0.1314607841	-0.0434119484	0.0751349147	-0.0532177408	-0.0716619802	0.0335157195	0.0557492566	0.1816807606	-0.0906906208	0.0601049037	-0.0465855729	-0.0936725796	0.0399895814	-0.1307810194	-0.0736483578	-0.0002039097	-0.0254359825	0.155919729	0.1101742465	0.1888105199	-0.1468839379	-0.0339500731	-0.0833285049	-0.0456083593	0.0207879927	0.0915698965	-0.0044640084	0.0088955563	-0.0453693341	0.0868495474	0.0268941422	-0.0665149188	-0.0424855191	-0.0131825716	-0.010681695	-0.0237651134	0.0728237385	0.030382046	-0.0136007285	0.0861599189	-0.1311695608	0.0613388011	0.0186269173	0.0233564736	-0.0885723115	-0.0244592509	0.0501795505	0.0051372316	0.0647214634	-0.0494296957	-0.1182536866	-0.00909709	-0.00775777	8.27570464681e-05	6.018299537290001e-05	0.00935415	0.00726095	5.272139490250001e-05	8.750012222250001e-05	-0.0374397	-0.021639	0.00140173113609	0.0004682463209999	0.00088309	0.000296734	8.8051066756e-08	7.798479481e-07	0.000591055	-8.290299999999995e-05	3.4934601302500005e-07	6.8729074089999914e-09	0.000258234	-5.13e-05	2.63169e-09	6.6684798756e-08	0.0	0.0	0.0	0.0	0.0	0.0	0.0	0.0	0.0	0.0
270.3768805436592	-0.2930147714317286	0.0858576562771881	73103.65753252014	318.31362384618177	-0.2593296381812706	101323.5631260885	0.0672518612392287	189.74047886839767	-0.1177019175011651	36001.449321208864	0.013853741383451	192.84430912942045	286.20734714303313	0.962704	20.247847	0.027776978	0.0154675	0.0312982923	0.002305582	-0.0354941372	-0.0046093286	0.0613433268	0.0416446178	-0.0586302014	0.0914050066	0.0362593872	-0.0356413047	-0.0239579034	0.0044365582	0.0559987284	0.033981081	0.0400671715	-0.0088963018	-0.0620038834	0.1183433565	0.0609027147	-0.0067470957	0.037515087	0.0354620798	-0.0732069008	-0.040574856	0.1220581355	-0.0581468974	0.0116409644	-0.1762122363	0.0873269755	0.0284808534	-0.0217845847	0.0848709305	-0.1755055684	0.0156550644	0.0772805376	-0.0806666085	0.0492319182	-0.0270726276	-0.0285249033	0.0350605942	-0.0015263233	0.1325141897	-0.1595806338	0.0223243672	0.0346051747	0.02110898	-0.0009750534	-0.1328237589	-0.0187966174	-0.0608617204	-0.0047571651	-0.0435077516	0.0038080525	-0.0187234474	-0.225956679	0.0174164817	-0.0662783571	-0.1107173953	-0.0350835964	0.0413390821	-0.2310109857	-0.0432105011	-0.123026966	0.0370297044	-0.0442431871	-0.0277739875	-0.0310196489	-0.0482044398	0.0587864043	0.1294470463	-0.0040383444	-0.0775640421	-0.0065889239	0.1321629989	0.112326001	0.1258620706	0.0326275089	-0.0836712725	-0.1414766925	-0.1054043411	0.0126763672	-0.0167574332	0.0575390749	0.1531396669	0.0237989676	0.0289270589	-0.0761233507	0.0115929139	-0.0570028263	-0.0642089062	0.0465878107	0.07845684	-0.0299444554	0.0618543178	-0.0176406632	0.1024883954	0.1400136585	0.0510821208	0.0270977687	-0.0465575767	0.0043821533	-0.0306014747	0.0886762345	-0.0471654305	-0.0916803532	-0.0263857255	0.024506437	0.0178131558	0.0961247752	-0.0143167226	-0.0700947863	-0.0608186898	0.0625441569	-0.0323054804	0.0544483517	0.0057443902	-0.0685505317	-0.035752292	0.0033455134	0.0271627306	-0.0475091994	0.02421797	0.0473190641	-0.0241205579	0.0420691164	0.1043387197	-0.0050366648	-0.0248200694	-0.031170044	0.037030631	0.0624505233	-0.0542622434	-0.1191544118	0.000536788	0.009633878	2.88141356944e-07	9.2811605318884e-05	0.0171976	0.00784345	6.15197079025e-05	0.00029575744576	-0.0390348	-0.0015951	0.00152371561104	2.5443440100000065e-06	0.000709968	-0.000173122	2.9971226884000016e-08	5.040545610239999e-07	0.000591055	0.0	3.4934601302500005e-07	0.0	0.000259203	9.69000000000024e-07	9.389610000000469e-13	6.7186195209e-08	0.0	0.0	0.0	0.0	0.0	0.0	0.0	0.0	0.0	0.0
270.16604266231343	-0.2108378813457534	0.044452612210366	72989.69060781496	317.51159318804014	-0.8020306581416321	100813.6118088075	0.6432531765990995	189.49141286238563	-0.2490660060120433	35906.99554858309	0.0620338753507912	192.5722757350263	284.4890598377939	1.021664	21.487907	0.037192082	0.0201362	0.0298899753	0.011172994	-0.1183069657	-0.0529877902	-0.1069459774	0.0314549158	0.1231275813	0.0698873986	-0.010485443	0.0390096063	0.0398870546	-0.040265915	0.0515435085	-0.1004607564	0.0320314953	0.1010757171	-0.0422057333	-0.0677692229	0.0280216258	-0.0992036731	0.0874870785	-0.0980941444	0.0766691439	-0.0437408739	0.018629342	0.1129171798	-0.1229575664	-0.0786499157	-0.0820155091	-0.0788069682	0.134559486	0.1463916913	-0.1272661589	-0.1091240625	-0.0465941584	0.0917647314	0.1172187928	-0.0279019148	-0.0662502501	-0.1542825936	0.1560304957	-0.0588780002	0.0317712349	0.131945308	0.0571066603	0.0503523741	0.0269695162	0.0871403801	-0.0508745306	0.0047137385	0.0980455366	-0.1201962138	0.1276761461	0.0656798859	0.013043136	-0.0463193994	0.1204056639	0.0476573263	0.0099892074	-0.0555482843	-0.0193453787	0.1233908313	0.0014571359	0.0150571809	-0.0185488617	0.0117251751	-0.1332902302	-0.0265016639	-0.136138646	0.0340132517	0.0032993357	-0.1064621111	0.0847933677	-0.0154106743	-0.078799064	0.0332437616	-0.1333861423	-0.1516425893	0.1013548255	-0.1218879363	0.0009432649	-0.0287445911	0.0595236013	-0.1106632047	0.0621108818	0.1134205347	-0.0574565505	0.1747113038	0.0728306015	0.1290510666	-0.1119140278	0.0546985927	0.0385236236	-0.1426121872	-0.04983087	-0.0249589824	0.0023313209	-0.1646958524	-0.1281951807	-0.0398411929	-0.0364337795	-0.1634269192	-0.0182779845	0.0067090488	0.0529783163	0.0550755506	0.0434330079	-0.1245814982	-0.0088601591	-0.0231276557	0.0461914689	-0.0581014808	-0.0061212689	0.0755432748	0.012891087	0.0379720622	-0.0469920857	-0.0168360716	0.0218232573	-0.0143039419	0.0632271058	-0.0820133683	-0.0374497743	-0.0160128334	0.0889616405	-0.0507968649	-0.0227499477	0.1056497187	0.096278579	0.1009855145	0.0601481375	-0.0589855141	-0.1195153378	0.00296558	0.002428792	8.794664736400001e-06	5.899030579264001e-06	0.00640806	-0.01078954	0.0001164141734116	4.10632329636e-05	-0.0250303	0.0140045	0.0006265159180899	0.00019612602025	0.000586262	-0.0001237059999999	1.5303174435999976e-08	3.437031326440001e-07	0.000591055	0.0	3.4934601302500005e-07	0.0	0.000183524	-7.567899999999999e-05	5.727311040999998e-09	3.3681058576000014e-08	0.0	0.0	0.0	0.0	0.0	0.0	0.0	0.0	0.0	0.0
270.30236593011864	0.1363232678052099	0.018584033345091	73063.36902741976	317.83211061969007	0.3205174316499324	101017.25054096692	0.102731423991469	189.41104038971488	-0.0803724726707457	35876.5422215142	0.0064597343632097	192.4992308149964	284.3595663490942	1.027383	21.608194	0.02844671	0.0180693	0.0426060389	-0.0276862119	0.0852188755	-0.0018117966	-0.1103377634	0.0219572141	0.054988609	-0.1544845809	-0.0524799626	-0.0200093331	0.024154725	-0.009672546	-0.0606225805	0.013071654	0.0453867597	-0.0205651823	0.0715544806	-0.1149763386	0.0051562378	-0.0054316349	0.0827083366	0.0579122547	0.0002389314	0.049961715	-0.1015838007	0.0513015388	-0.0270589307	-0.053395692	0.0781736173	0.2149635255	0.0494381373	0.0322723466	0.0136216267	0.0294635606	-0.0146965884	-0.1525614308	0.0084342274	0.029040214	-0.0468891517	0.0575426674	0.0532528442	-0.1313375067	-0.0104858276	-0.0055321672	-0.1012045022	0.0734968492	0.1536919985	0.1401736386	0.0462875543	0.0744237892	0.0017949441	0.1099107611	0.0380750225	0.0093858995	-0.0782720632	-0.0203849514	-0.0052147056	-0.062994748	-0.085699678	0.1030010798	-0.1219861777	0.0181963643	0.1302834256	-0.0194560469	-0.0217564113	-0.0114608936	-0.0412805038	-0.0373711753	0.0744515626	-0.0773304081	0.0330828345	-0.0546725509	-0.0197379598	0.0878677072	0.0381236301	-0.1435787769	0.120514654	-0.0085959534	0.0787291821	-0.0893226514	-0.0216317964	0.0749654072	-0.0533823868	0.1366093723	-0.1464259333	0.05286409	0.0072395288	0.0587982132	0.2441290313	0.0406343053	-0.092365062	-0.0265279914	-0.071143499	0.0147456331	0.0220402149	-0.0781551425	0.0746404026	0.0200944634	0.051955863	0.0577030018	-0.0348493649	0.0017839567	0.0201799574	-0.0125730666	-0.0700577876	-0.0177109545	0.0305720752	0.0470588839	-0.0990769618	0.0055879177	0.0118792445	0.091411471	-0.0461836007	0.0601245847	0.0207892544	0.0558135805	0.030148849	-0.0245795993	-0.0242778092	0.0150406265	-0.057555675	0.0725897981	0.0090582169	-0.0047120977	0.0036483849	0.0257926111	0.1001129802	-0.0855183807	-0.0816533054	0.1037532087	0.0578154653	-0.0635899959	-0.1193348294	-0.00909828	-0.01206386	8.27786989584e-05	0.0001455367180996	0.00335561	-0.00305245	9.3174510025e-06	1.1260118472100002e-05	-0.0242912	0.0007390999999999	0.00059006239744	5.462688099999993e-07	0.0008380879999999	0.0002518259999998	6.341633427594962e-08	7.023914957438324e-07	0.000591055	0.0	3.4934601302500005e-07	0.0	0.000183524	0.0	0.0	3.3681058576000014e-08	0.0	0.0	0.0	0.0	0.0	0.0	0.0	0.0	0.0	0.0
270.48612703082466	0.1837611007060218	0.0337681421326886	73162.74491613542	317.85797575085934	0.0258651311692688	101033.69274843388	0.0006690050104034	189.41433386261176	0.0032934728968712	35877.78987261695	1.0846963722425226e-05	192.48893882980445	286.1628050109088	0.929553	19.550602	0.05644377	0.0283011	0.0603078596	-0.0136284883	0.0832720031	-0.0125706072	0.0224182375	0.0580714372	-0.0974984144	-0.0790569476	0.0043116472	0.0274805217	0.0368817493	-0.024592054	0.0447504458	0.0908281376	0.0178660962	-0.0508636809	0.0736653213	-0.0093916333	0.0563377474	-0.0304849204	0.0089927662	0.1280991155	-0.0742815016	0.0808997306	-0.0539951727	0.0318067081	-0.0678933922	0.1651088373	-0.0339295427	0.0035161044	0.0638429682	-0.0666662066	-0.0363964631	-0.1757485699	-0.0149962854	-0.1054230758	-0.0236416935	0.0571178761	0.1249763173	-0.0326650522	-0.0868939417	-0.039943385	-0.1051555206	-0.0048361747	0.0438911303	-0.0727994312	-0.1766789212	0.0152993315	-0.0731045592	0.0810863892	-0.144689444	0.0832105703	-0.0183910367	-0.1474648484	-0.0076004223	0.0315127227	0.0420630786	-0.1093708245	-0.0844699897	0.0190694638	0.0307590921	-0.0724027465	0.0499057477	-0.0443812693	-0.0661381097	-0.0021541957	-0.0278106297	0.0248844697	0.1495246176	-0.015632126	0.0385769405	0.0512615056	0.0485389636	-0.1154985282	-0.1002527553	-0.1101615041	-0.0959872833	0.0021130379	0.00193149	-0.0561554808	-0.0037928247	0.1428731053	-0.022185899	-0.0829091581	0.0764329479	0.0779078702	0.0773970137	-0.0927819851	0.0348428417	-0.1544236967	0.0621948914	0.0627646844	-0.1269882911	0.0431614924	0.0106714781	-0.108856273	-0.0638795526	0.1565585456	-0.0097297715	-0.0224441454	0.129514771	0.0357130227	0.0685195739	-0.044761521	0.0664928484	-0.0921115066	0.0265339407	0.0973933066	0.0330589232	0.0202521927	-0.0386521923	0.0981707905	-0.0515230233	-0.0505301064	-0.0085536841	0.0468267329	-0.0833431839	-0.0081126881	0.0419012362	0.0214398627	0.0491216917	-0.0660767695	0.0334704604	-0.0572708767	0.0296163907	-0.0152630082	-0.0059288836	0.085993306	0.031891326	-0.1587173221	0.0554536812	-0.0680664159	-0.1186137044	-0.0012852	0.00781308	1.65173904e-06	6.10442190864e-05	0.0232608	0.01990519	0.0003962165889361	0.00054106481664	-0.0380005	-0.0137093	0.00144403800025	0.00018794490649	0.00102779	0.0001897020000001	3.598684880403794e-08	1.0563522841e-06	0.000480433	-0.000110622	2.30815867489e-07	1.2237226884000013e-08	0.000183524	0.0	0.0	3.3681058576000014e-08	0.0	0.0	0.0	0.0	0.0	0.0	0.0	0.0	0.0	0.0
270.39837999030647	-0.0877470405181952	0.0076995431197018	73115.28390138216	317.68459888597533	-0.1733768648840055	100923.50436934303	0.0300595372770067	189.59743598093527	0.1831021183235179	35947.18773054485	0.0335263857345595	192.6989577344419	284.5051609874445	1.017648	21.403433	0.057305714	0.0273739	0.0133566797	-0.0327565601	-0.0565066384	-0.0196376265	0.0277943973	0.0344462889	-0.1155858734	0.0682428255	0.0378484894	0.0394160872	0.1059495452	-0.0340727652	0.0437779332	-0.008469235	-0.0196386449	-0.0454392027	-0.0140494721	0.1225391489	0.0111434383	-0.0639968198	-0.0015240295	-0.1056944653	-0.0542528211	-0.0353881467	-0.0754763238	-0.0789795973	-0.0700766336	0.0421681808	0.0023225201	-0.0164419254	0.0643965021	-0.0758361469	0.0253562862	-0.0062634331	-0.16461376	0.0083860969	-0.0164397025	-0.1101782055	-0.0260954802	0.0131002963	-0.2588733364	-0.0159877803	-0.0674103878	-0.0329841516	-0.0219955454	-0.100627386	0.1502879829	-0.0184689587	-0.137979189	0.114306732	0.0735482923	0.0540242638	-0.1028076195	-0.0467498675	0.08496185	-0.1194352263	0.0276944887	-0.0399280829	0.0554109436	0.1579542906	0.219809101	-0.0993131036	-0.0931849723	-0.0084330512	-0.0014624583	0.0572501342	-0.0522585104	0.0884324925	-0.0517498834	-0.0216048752	-0.0372611625	-0.0283295256	0.1062665849	0.0080545019	0.1255218929	0.0312615552	-0.0423305743	0.0058837023	0.0702919906	0.0760087027	-0.1606395296	0.0842188008	-0.0425722906	-0.0309362578	-0.0579350267	-0.0088318362	0.0213757322	0.0016229189	0.0185341841	-0.2316612499	0.0903695621	-0.0197275342	0.1894434638	0.0723167269	-0.1088816894	-0.1518461489	-0.0350154761	-0.0251292143	-0.0269062416	0.0290529673	-0.0617333528	0.0945558974	-0.0852135953	0.0588038256	0.0095433673	0.072485659	0.0204063586	-0.0275290684	0.0988650622	-0.0738625467	-0.0043184355	-0.0316134297	-0.011818836	-0.135574743	-0.0267587656	-0.0369791011	-0.0259002073	-0.0648109255	-0.0530197184	-0.097906985	-0.0095098692	0.0239055176	0.0534962543	-0.0406937088	0.0597218034	0.0365186666	0.1041102579	-0.0633072977	-0.0527951976	0.2018893793	0.0530639746	-0.0724057592	-0.1173552296	0.000425814	0.001711014	1.81317562596e-07	2.927568908196e-06	0.0216547	-0.0016061	2.5795572100000087e-06	0.0004689260320899	-0.0548722	-0.0168717	0.00301095833284	0.00028465426089	0.000693972	-0.000333818	1.1143445712400005e-07	4.815971367839999e-07	0.000591055	0.000110622	3.4934601302500005e-07	1.2237226884000013e-08	0.000481422	0.000297898	8.8743218404e-08	2.3176714208400002e-07	0.0	0.0	0.0	0.0	0.0	0.0	0.0	0.0	0.0	0.0
270.5721442374657	0.1737642471592266	0.0301940135908128	73209.28523725994	318.1815633764132	0.4969644904378469	101239.50727265843	0.2469737047561488	189.51976347769283	-0.0776725032424394	35917.74074864064	0.0060330177599467	192.58019101863428	285.08991809133755	1.085914	22.839226	0.078962466	0.0399592	0.0073622573	0.0165140149	-0.0697307627	-0.0227291356	-0.0701687824	0.0157093416	0.0114451587	0.1271586475	0.0640139232	-0.0206986813	0.0357092261	0.0716746038	-0.0048546537	-0.1312630384	0.004745437	0.0414002825	-0.0493147059	0.0665047064	0.0035333842	0.0086759695	0.0664192794	0.0289363888	0.1654779724	0.0761531578	0.0162550543	-0.1355697268	0.0136648945	0.0959387769	-0.0889649148	0.1814474032	0.056031855	-0.0531402553	0.0442690662	0.0587611651	0.0770213327	0.0226438695	-0.0268628788	-0.03405767	-0.1253274652	0.062119414	-0.10092154	-0.0567617104	0.0024613467	0.0932487359	-0.0216840239	0.0821863969	-0.0082362615	0.0644142365	0.0140400555	0.0007113438	-0.0781966971	-0.1228858141	-0.109083419	0.1159376615	0.0307575307	-0.0123277747	-0.0275461449	-0.1180657133	-0.0445514116	0.0475321675	-0.039366305	0.0145318125	-0.097223872	0.0114551524	-0.0068063254	-0.0111038527	-0.0227280183	-0.1260927985	-0.0481927211	-0.0567261174	0.0647684826	0.1839327995	-0.0204917985	0.0968986023	-0.0576458898	-0.1599482893	0.0811488694	-0.0383382254	-0.0098144716	0.0542742796	-0.1266671995	0.0189052084	0.0776996328	0.0897358124	-0.00468126	-0.0921554026	0.0108776639	-0.017029122	0.033729835	-0.0832617516	-0.1976605928	-0.0265157296	-0.0297899384	0.0031919949	0.0324186912	0.020878655	0.0373765331	0.097809052	-0.1431987597	-0.1264892031	-0.1174691985	0.0125063095	0.0086753711	-0.019859173	0.0911722241	-0.0785208655	0.0369398071	-0.0801445561	-0.0646577742	-0.044763759	0.0252877462	-0.0671218062	0.1433033126	-0.0644205101	0.0181326053	0.027557568	0.0245702927	0.0410427874	0.0024360853	0.1086389476	0.0707020191	-0.0475338646	0.0793738865	0.0204478191	-0.0841665664	-0.0974545189	0.0216820768	0.0186140319	-0.0510974873	-0.0693652952	0.0506475487	-0.0765992869	-0.1155651064	0.00165683	0.001231016	2.7450856489e-06	1.515400392256e-06	-0.00685535	-0.02851005	0.0008128229510024	4.69958236225e-05	-0.0357014	0.0191708	0.00127458996196	0.00036751957264	0.000475289	-0.0002186829999999	4.7822254488999987e-08	2.25899633521e-07	0.000428241	-0.000162814	1.83390354081e-07	2.6508398596000022e-08	0.000261907	-0.000219515	4.818683522499999e-08	6.859527664900001e-08	0.0	0.0	0.0	0.0	0.0	0.0	0.0	0.0	0.0	0.0
271.090616851661	0.518472614195332	0.2688138516705415	73490.12254501408	319.32406967406826	1.1425062976550748	101967.8614732092	1.3053206401815065	189.7104283046311	0.1906648269382742	35990.04660752658	0.036353076231402	192.75230886252768	289.6040405715253	1.038912	21.850666	0.04178977	0.0266692	0.0316381562	0.0481863849	0.0593506647	-0.0624170969	0.0428482162	0.0020226121	0.0958261839	0.0010030731	0.0313146123	-0.0541597351	-0.167409505	0.0272007676	-0.0351985037	0.0487860105	-0.0176923735	0.0869283929	-0.0622920832	-0.0427375158	0.0234782506	0.0127101946	0.0248097953	0.096113002	0.0099584336	-0.0336572799	-0.0737411672	-0.0169734661	-0.0989806665	-0.0767060374	-0.0014520998	-0.0247881232	-0.0875849572	0.0638693351	-0.22056993	0.0507995318	-0.096867927	0.0033533442	0.0114335173	0.008077438	0.0313624341	0.0203054088	0.0060233843	-0.0260717019	0.157313039	0.0147776009	-0.0457318678	0.0191259953	0.0481016038	0.0433784034	-0.1957977214	0.0354719	-0.083668983	0.0433739137	0.0636223228	-0.080253271	-0.0554286347	0.1576853519	0.0005363168	0.1222887778	-0.1056163134	-0.0214868599	0.0223006944	0.1081890979	-0.0188699039	0.0287474179	-0.0175600419	-0.0520345973	0.001941156	-0.0431827035	0.0699197986	-0.0434176218	-0.0342234155	-0.0214577102	0.1214734325	-0.0569921578	0.0437947429	0.1492010109	0.0348983019	-0.0641709772	-0.0928789447	-0.1911499694	-0.0856907008	-0.0194958308	0.0026881911	-0.0303320032	-0.0713505218	0.055262768	-0.012826881	0.0009925144	0.0615670913	0.0293455674	-0.0420477356	-0.0697782539	0.1122717609	-0.0298933897	0.0112432218	-0.1220168901	-0.0975622552	0.0513555632	-0.0367428479	0.0924967762	0.1611671004	-0.0410152146	0.048195679	0.0787386117	0.1572621969	-0.0125841141	0.0391371403	0.069230544	-0.0218153918	-0.0305507459	-0.0189021927	0.0253461651	0.0582059815	0.1328834722	0.03474295	0.0337702692	0.0053538055	0.0998726802	-0.0794286262	-0.028644108	0.0442410801	0.0571076448	0.0336837761	-0.0445701195	0.0342761059	-0.1049707954	-0.0709188484	-0.0962206225	-0.0230155421	0.0711449542	0.0482056202	-0.0806385538	-0.1132514443	0.0103495	0.00869267	0.0001071121502499	7.55625117289e-05	-0.0068989	-4.355000000000071e-05	1.896602500000061e-09	4.759482121e-05	-0.0444721	-0.0087707	0.00197776767841	7.692517848999999e-05	0.0008874739999999	0.0004121849999999	1.6989647422491758e-07	7.876101006758225e-07	0.000489713	6.147200000000002e-05	2.39818822369e-07	3.778806784000003e-09	0.000273907	1.1999999999999966e-05	1.439999999999992e-10	7.502504464899999e-08	0.0	0.0	0.0	0.0	0.0	0.0	0.0	0.0	0.0	0.0
270.7457864243713	-0.3448304272897076	0.1189080235848023	73303.28086655129	319.28631473893324	-0.0377549351350126	101943.75077956912	0.001425435127049	189.6016794011875	-0.1087489034435975	35948.79683175069	0.0118263240001849	192.65394838689048	289.41941965124704	1.001447	21.062687	0.0648229999999999	0.0349407	0.0509943662	0.0606412172	0.0301357785	-0.1181133758	0.010289022	0.0354491038	0.0772992525	-0.0966269394	0.0199485034	0.0456063254	-0.0577953172	-0.0764045845	0.0469658987	0.1251497236	0.0656623767	-0.0322165643	0.0469585382	-0.0887307131	0.038652978	0.0239642741	-0.0225674928	0.0665286714	-0.1295944966	-0.0293213073	0.0198477524	-0.0325792743	0.0731883658	-0.0829650724	-0.0846272832	-0.0026950791	0.012498092	-0.12549696	0.0453621242	-0.1173565457	0.0847054081	-0.1032119797	-0.0505986209	0.0925717598	-0.0090692586	0.0089727951	0.1373573809	0.0131321487	-0.0072110547	-0.0528635487	-0.1823256454	0.03973239	-0.0645126855	-0.120952298	0.0408465799	0.1018986054	-0.0641688254	-0.0902790152	0.034887634	-0.0763232461	0.0055119544	-0.0084129078	0.0546706733	0.1159963616	-0.0053508004	0.0996840837	0.0286312654	0.0146601788	0.1060145516	0.0019007366	-0.0502426461	-0.0232662318	0.003778719	0.0532231474	0.1140474095	0.0616782179	-0.0336241655	0.0111059704	-0.0657022585	0.135897713	-0.1382604947	0.0360766965	-0.0723200289	0.0318731111	-0.0817584805	0.0487210034	0.0531172527	0.1420791323	0.023735863	0.0147255094	-0.0325659336	-0.0020939185	-0.0308231999	-0.0282720776	-0.0488198479	0.0544579848	0.0800094595	-0.0863190856	-0.1739607306	0.1137592564	0.0967228283	-0.0636697909	0.0501018629	-0.0937452018	-0.0182441224	0.0197957187	0.1510227049	-0.059392468	-0.0421094398	0.1772499844	0.0299739378	-0.0762605065	0.0504926198	0.0423251704	0.0747030421	-0.0176853453	-0.0035656709	0.0960739455	-0.1022018391	0.0450756348	0.0296874606	-0.028116697	-0.1328200099	0.0093114442	-0.0467534637	-0.1120690155	-0.0676714929	-0.0139474687	0.0194071179	0.0320509478	-0.0583639813	0.0556770249	0.0495074743	0.0588369526	-0.0910086171	-0.0372706064	0.0457394187	-0.0845154255	-0.1104247249	0.0121954	0.0018459	0.00014872778116	3.4073468100000035e-06	0.0171113	0.0240102	0.0005764897040399	0.0002927965876899	-0.0469186	-0.0024464999999999	0.0022013550259599	5.985362249999987e-06	0.000528665	-0.0003588089999999	1.2874389848092824e-07	2.79486682225e-07	0.000591055	0.000101342	3.4934601302500005e-07	1.0270200964000006e-08	0.000544164	0.000270257	7.3038846049e-08	2.96114458896e-07	0.0	0.0	0.0	0.0	0.0	0.0	0.0	0.0	0.0	0.0
270.1053756485594	-0.6404107758119153	0.4101259617760192	72956.91395424938	317.75632956352	-1.5299851754132303	100969.08497768034	2.340854636984254	189.5448509896264	-0.0568284115610993	35927.25053667968	0.0032294683605576	192.6612974302102	283.6393623772314	1.111405	23.375372	0.07180686	0.0376065	0.0400803279	-0.0112088151	0.0009772839	-0.0481939218	-0.1106729959	0.0554073973	-0.0889325376	-0.0165536192	0.0499286418	0.0509393474	0.146606401	0.0371552076	0.0526479856	-0.1266722405	0.0782766678	-0.0854514685	0.0653744593	-0.0292710637	0.0754565649	-0.0897264905	0.0332522504	-0.1274631462	0.0296647682	-0.2038011202	-0.0614552788	-0.0771177338	-0.0645604952	0.0820634195	0.010848997	0.0810551647	0.1541567846	0.0992856269	0.0296297018	0.0006454358	0.1396065275	0.0518353504	-0.0109759333	-0.0803667119	0.0306508043	0.0642010412	-0.1486543918	0.2124064882	0.0103325694	0.0016053335	0.0836598937	0.0811356902	0.0613565993	-0.0614548845	0.0995455666	0.0594639675	-0.0077191058	0.11742519	-0.0014268373	-0.0522772939	-0.0400672256	0.0219102345	-0.0425380718	0.0621108487	-0.0315771801	-0.1116143846	0.1476471182	-0.0913707415	0.0563309416	-0.0157715001	-0.0761513537	0.0503082462	-0.0929065621	0.0347552664	-0.1483375462	0.0283153378	-0.1611343404	0.0454935844	0.0826610356	0.0316310439	0.0488829546	-0.1165241832	-0.0068926428	-0.0373130867	0.1257935929	-0.0944899287	-0.0323206843	-0.0267350709	0.1163791778	0.1593440474	-0.0621314257	-0.0383128042	0.0024848244	-0.1417292928	-0.1776505416	-0.0516189871	-0.0385258635	0.1284795742	0.0425196409	0.0409017599	0.0217483842	0.0138464297	0.1041994562	0.0171842132	0.0893239383	0.049958864	0.0280380615	0.0436111117	-0.0476004336	-0.0114463105	0.113801643	0.1555234402	0.043055648	-0.0669035151	-0.083194623	-0.0250796392	0.0493086541	-0.0153123474	0.0232507987	-0.1406748274	-0.0665809624	-0.0896147035	0.0200079563	-0.1081575651	0.0813403504	-0.0931928598	0.0926929941	-0.0233167953	-0.0283459873	0.0297212927	-0.0393236689	-0.0643358831	0.0785486924	0.0051515447	0.0805537766	0.0988836438	0.043250186	-0.0882220943	-0.1070977539	-0.00909828	-0.02129368	8.27786989584e-05	0.0004534208079424	0.00489707	-0.01221423	0.0001491874144929	2.39812945849e-05	-0.0301667	0.0167518999999999	0.00091002978889	0.0002806261536099	0.000598966	7.030100000000004e-05	4.942230601000006e-09	3.587602691560001e-07	0.000591055	0.0	3.4934601302500005e-07	0.0	0.000183524	-0.0003606399999999	1.300612096e-07	3.3681058576000014e-08	0.0	0.0	0.0	0.0	0.0	0.0	0.0	0.0	0.0	0.0
269.8840921609362	-0.221283487623225	0.0489663818946979	72837.42320153269	317.5111346549485	-0.2451949085715341	100813.32062987282	0.0601205431894029	189.6216521507596	0.0768011611331758	35956.37096438367	0.005898418351404	192.6734904604095	280.77693904348683	1.103305	23.205004	0.04649553	0.0229095	0.0686194701	-0.1309753125	-0.0089129338	-0.0220486967	0.051771261	0.0655083616	-0.0430341866	0.0784371305	0.0001162438	-0.0993277916	-0.0003519414	-0.0184232168	-0.040039566	-0.0215197813	0.0812065203	0.0087323601	-0.035883742	0.0908013192	0.051819215	-0.0219152879	0.032879389	0.1312856928	0.0531060675	0.025000672	0.0383622687	0.1385122504	-0.0293894519	-0.0317690586	0.0131001911	0.0755752953	-0.1559610395	0.0271521997	-0.0142738934	0.0965573931	0.1090231717	0.1221014243	-0.1203744399	0.1642072067	-0.0468950711	-0.1327544647	0.0375743054	0.1002973023	-0.0519923321	0.1000432748	-0.0143626101	-0.1497382974	-0.0350022976	-0.0991940096	-0.0635965731	-0.1010054984	-0.0614861322	0.0065239411	-0.0323169079	-0.0636220021	-0.0321655404	0.0216648187	0.0202399611	-0.023255138	-0.0331939429	-0.0502567674	0.089219109	-0.0193005902	-0.0942267824	0.0087392286	-0.0476605543	-0.0055219896	-0.0198323997	-0.1246501097	0.09231868	-0.0099968927	0.0186635983	-0.0995905192	0.0105676598	-0.0473459938	-0.1300858162	-0.0406284931	0.1399459963	0.010231756	-0.1485660316	-0.0406411097	0.1241374156	-0.1287679192	-0.0606305997	-0.0925350607	0.0350832855	-0.1352350403	0.0497058413	0.1490931697	-0.1643376173	0.0047468133	0.0046443819	-0.0289147135	0.0146530764	0.0754965057	-0.1401518514	-0.0034508662	-0.0257234115	0.0595905656	0.0549119782	-0.0118294497	0.0673006689	-0.004491568	0.1167531663	-0.0588396497	0.0362427056	-0.0300731039	0.0460944344	0.079221161	0.020443335	0.0206346881	-0.0613124725	-0.0224661141	0.1146908079	-0.0115842642	0.0956741147	0.0292786	0.0733681811	-0.0451171819	-0.0668852141	0.1075235745	0.0111732336	-0.0008566828	-0.0117061723	-0.0309281792	-0.0398429595	0.0479285372	0.0046676887	-0.0017927121	0.1152109133	-0.0287354846	0.0407391756	-0.0917510955	-0.1032856033	-0.00309552	0.00600276	9.5822440704e-06	3.6033127617600005e-05	-0.00687945	-0.0117765199999999	0.0001386864233103	4.732683230249999e-05	-0.0242315	0.0059352	0.00058716559225	3.5226599040000016e-05	0.000917404	0.000318438	1.01402759844e-07	8.41630099216e-07	0.000591055	0.0	3.4934601302500005e-07	0.0	0.000320707	0.0001371829999999	1.8819175488999996e-08	1.02852979849e-07	0.0	0.0	0.0	0.0	0.0	0.0	0.0	0.0	0.0	0.0
270.33007026789784	0.445978106961661	0.1988964718891068	73078.34689104659	317.75060946559324	0.239474810644765	100965.44981575596	0.057348184933346	189.77641372424767	0.1547615734880878	36015.08720603682	0.0239511446285088	192.8074057580285	281.9768130135401	1.00375	21.111137	0.1120831849999999	0.0630153	0.0256230138	-0.0976482688	-0.1015068472	-0.0813129023	0.0560509725	0.0272093777	0.0706461504	0.0936613864	0.0066095393	-0.0628980723	-0.0478271544	-0.1346673117	-0.0626756987	0.0377624224	-0.0808114292	0.1148363472	-0.100574176	-0.0076460551	0.0410721099	0.0601600138	-0.0408558372	-0.0229114949	-0.1025766872	-0.0708461674	-0.0243335994	0.1336674197	-0.029283733	0.0794185265	0.1308725534	-0.051605412	0.0133480361	0.1038622903	0.0236874229	-0.0430668375	-0.035158665	0.0616300978	-0.00122299	0.0741094723	0.0398191073	0.0404479307	-0.085658364	0.0423111064	0.0005838706	0.0181398232	-0.0425084202	-0.2379690426	0.0168562766	-0.0523501196	0.0025435735	0.0115584816	0.0284838367	-0.1246401994	0.0185384297	0.153031046	-0.0387962546	-0.1389720713	0.006082589	0.1142449631	0.0690702405	-0.0108762841	-0.0597205038	0.1169315955	-0.0862368361	0.0384442055	-0.0329986054	-0.0458929615	0.0453476315	0.1232216171	0.0334211636	-0.0072149824	-0.0647550096	-0.1244169895	0.0147429925	-0.1170238321	0.0919720894	-0.041907768	-0.0177725524	0.0067479954	0.0747003847	-0.085679717	0.0680278339	-0.0359634427	-0.0791886116	-0.0259666857	0.1022397383	-0.0876713502	-0.0371941678	-0.0763405787	-0.1042241999	-0.0343780116	0.0325957517	-0.1154277612	-0.0580523786	0.0113736003	-0.2369150386	0.0378309883	-0.0093885326	-0.0886300873	-0.083463256	0.0023827844	-0.1091259187	-0.0660700932	-0.0923952061	0.0432542849	-0.0471596642	-0.0071175133	0.0407683884	-0.0294614404	0.1138622089	0.0036007585	-0.0319983853	-0.0859742176	-0.0814692314	0.0690825303	0.0382423417	0.040772772	0.0429204749	0.0700641167	0.0012236894	-0.0671500896	0.0079057242	0.0687165893	0.0251838519	-0.110887282	-0.0614716224	-0.0542449827	0.1374906919	-0.0071510672	-0.0646084462	-0.1202605108	0.0382076517	-0.0950953223	-0.0990055431	-0.00909828	-0.00600276	8.27786989584e-05	3.6033127617600005e-05	0.0353459	0.04222535	0.0017829801826225	0.00124933264681	-0.0384264	-0.0141949	0.00147658821696	0.0002014951860099	6.13835e-05	-0.0008560205	7.327710964202501e-07	3.76793407225e-09	0.000591055	0.0	3.4934601302500005e-07	0.0	0.000183524	-0.0001371829999999	1.8819175488999996e-08	3.3681058576000014e-08	0.0	0.0	0.0	0.0	0.0	0.0	0.0	0.0	0.0	0.0
270.5783488206985	0.2482785528006843	0.0616422397808022	73212.6428505356	318.3755808011997	0.6249713356064603	101363.01045050124	0.3905891703297229	189.57550269813703	-0.2009110261106457	35938.87122325136	0.0403652404128325	192.6106458168644	285.4326309441173	1.130592	23.778906	0.080850255	0.0530338	-0.0087983026	0.0223455477	-0.0191713751	-0.0470356987	-0.1182436664	-0.0144358721	0.1337127728	-0.0798330734	0.0204457154	0.0450465933	0.0620102985	0.0301013459	-0.0066961264	-0.1110015892	-0.0410256009	-0.0133233051	0.0244640577	-0.1183448406	-0.0025461505	0.0003863575	-0.0362797235	0.0083001945	0.156044796	-0.0130076506	0.0567153366	-0.0743069871	0.0589042678	-0.0012103446	-0.0843306895	0.0173249576	0.0382478265	0.2078474166	0.0151413024	-0.0245153606	0.1150286525	-0.1263357676	0.111949798	0.0730722731	0.1173436123	-0.0236101515	0.0567667127	-0.0469556052	0.1101080526	0.0049711832	-0.1088513056	-0.0097865387	0.0183199941	-0.0934924188	-0.0990440276	0.0135545223	-0.0236480541	-0.053288172	-0.0417816535	0.0020738523	0.0184485913	-0.0311117456	-0.0106043318	-0.0509112831	0.0604800616	0.0058521941	-0.1083513466	0.0584433996	0.1236123134	0.0214881773	0.0068899379	0.0294444369	0.0386374056	-0.1116182733	-0.1024116743	-0.0090193564	-0.0148441671	0.0972874328	-0.0193663388	0.0012904506	-0.0790440786	0.0053898566	-0.0233238856	-0.1671789324	0.0450343313	-0.0031213151	0.2050057121	0.0222694907	-0.1020134006	0.0865982189	0.0680081241	0.1210886421	-0.0435681222	-0.0695171063	-0.0403313669	0.0801237774	-0.0236823783	-0.1367660522	0.0781593102	0.0880523672	-0.0085456332	-0.0655780404	-0.0290364131	-0.0194008538	-0.0542006583	-0.0927076626	0.0052897833	-0.0111060097	0.0285471175	-0.0173271581	-0.1442094447	0.06852414	0.0299537925	-0.0826747683	-0.1345283645	-0.01437461	0.0403404268	0.0229199432	-0.0359967367	0.0592507816	0.0295107398	-0.0432381621	0.1094962333	-0.0099797065	0.0465966471	-0.0685050524	-0.0702178638	-0.0384106448	0.0717711455	0.0042651922	-0.1116755324	0.0135823568	0.0290397775	0.0449959312	0.0532416138	-0.0541941698	0.0356568892	-0.0982480398	-0.094276963	-0.00909828	0.0	8.27786989584e-05	0.0	-0.00434558	-0.03969148	0.0015754135845904	1.88840655364e-05	-0.0298663	0.0085601	0.0008919958756899	7.327531201000002e-05	0.000713357	0.0006519735	4.2506944470225006e-07	5.088782094489999e-07	0.000591055	0.0	3.4934601302500005e-07	0.0	0.000183524	0.0	0.0	3.3681058576000014e-08	0.0	0.0	0.0	0.0	0.0	0.0	0.0	0.0	0.0	0.0
270.1176753984089	-0.4606734222896307	0.2122200020040404	72963.55856264019	317.9121987060408	-0.46338209515892	101068.16608610917	0.2147229661138704	189.66440565459283	0.0889029564557972	35972.58677230994	0.0079037356665813	192.7800402780261	284.62716524156474	1.129583	23.757689	0.05705601	0.038567	0.0346157769	-0.054644895	0.0885103533	0.0801708087	0.0969081805	0.0238441959	-0.0785434086	-0.072475314	-0.014543198	-0.030492953	-0.0155186238	-0.0322818712	-0.017981745	0.0542912608	0.1162074157	-0.0799689377	0.0428042223	-0.0099167208	0.0307775361	0.0542284388	0.0104732983	0.0317742247	-0.0720313698	0.010053201	0.0133743076	-0.0944483665	-0.0036003555	0.0099194306	0.1263654489	-0.0844684812	0.1554135031	-0.1381638768	-0.0903107295	0.0923805771	0.0917453516	-0.0924096289	0.194761325	-0.1260166697	-0.0235966254	-0.1578913078	-0.016709855	0.0536380875	0.1953362375	-0.0518861004	0.0788381154	0.0805285626	-0.0291125436	-0.0241433101	0.0612318614	0.0385547868	0.0464932647	-0.0035309545	-0.0885055738	0.044905725	0.0741083557	0.0536727253	0.1274825722	0.0998440383	-0.1278733891	0.0515776743	0.0315578059	-0.0893029837	0.0514844371	-0.0082344273	-0.029345902	-0.0598896396	0.0249458143	0.0483097852	0.0559232951	0.0274745665	-0.0215272356	0.063976635	0.0394906538	0.027810339	0.1072204501	-0.0882620065	-0.1085041165	0.0632401254	-0.0842526289	0.0314500844	-0.064423917	-0.09881312	0.0691188798	0.1638144014	0.0898321909	0.2779334821	0.1611438206	-0.0170502901	-0.0834895274	0.1394935172	0.0422593634	0.0761950953	0.0717619087	-0.0620091338	0.0728953285	-0.0525784916	-0.0617052461	-0.0711448963	-0.0511345003	0.0515168825	-0.0510139107	0.0522177165	0.0264095136	0.0989245689	0.1299789632	-0.0451688846	0.0160513483	0.108526063	-0.0187793689	0.0048439946	-0.0517519029	0.0601810787	-0.008233056	-0.0418251309	0.0550623685	-0.1075202061	0.1297645875	-0.0050584631	0.1693625503	-0.0734187932	0.008769994	-0.0027213574	-0.066726897	-0.0116732394	-0.0328795541	0.0136708061	0.0255928445	-0.0132991096	0.0640791262	-0.0333339745	0.0330881723	-0.1012028987	-0.0891212848	-0.00909828	0.0	8.27786989584e-05	0.0	0.00596668	0.01031226	0.0001063427063076	3.5601270222400005e-05	-0.0500844	-0.0202181	0.00250844712336	0.00040877156761	0.00124387	0.000530513	2.81444043169e-07	1.5472125769e-06	0.000591055	0.0	3.4934601302500005e-07	0.0	0.000183524	0.0	0.0	3.3681058576000014e-08	0.0	0.0	0.0	0.0	0.0	0.0	0.0	0.0	0.0	0.0
269.640080765298	-0.4775946331108684	0.228096633576305	72705.77315511645	316.93109001445964	-0.9811086915811416	100445.31581775352	0.9625742646960596	189.53044913291475	-0.1339565216780727	35921.79114852439	0.0179443497000879	192.59846855153617	280.4766536389367	0.999022	21.011696	0.05978422	0.0400646	0.0054714982	-0.109012067	-0.1167606204	0.1269567234	0.1191495927	0.0369406803	-0.0586032571	0.132799216	-0.0121889948	-0.0671211521	0.0573565641	-0.0477151712	-0.0138832551	-0.005295271	0.022539475	0.0364592336	-0.0275222694	0.1277376743	0.0272497925	-0.0383041055	0.0593726619	-0.0093126829	-0.0930468873	-0.1258994595	0.0612892405	0.045249678	-0.0152455848	-0.1206164211	0.0314704207	0.0306319461	0.0642427394	-0.0877242179	-0.0038689799	0.131319938	0.1068500549	-0.128000146	-0.0625840684	-0.0009297555	0.0441387944	-0.0236213995	0.0049246481	0.0335971838	0.030789038	-0.1102295729	0.0517647031	-0.0621314772	-0.0827736493	0.1125763716	0.0553636371	-0.1325442373	0.0656618637	0.0211169993	-0.0117242074	-0.0941043714	-0.0185076857	0.0018948468	0.1176328151	0.1050266108	-0.0076765398	0.008615856	0.0094587845	-0.0211284855	-0.1334362279	-0.021393148	-0.0194458719	-0.0028305642	-0.0906359525	0.0341013935	0.0485962692	0.0599038748	-0.1080664467	-0.097893964	-0.0178179148	0.0963923298	-0.0507442753	-0.0308400883	0.0027671858	0.0543516182	-0.0791000341	0.0450629633	0.0146180142	-0.093144247	-0.0276466677	0.1108472139	-0.0589875502	0.0582152174	0.1454799469	-0.0468689576	0.0133601104	0.0132849477	0.0865588422	0.0634775847	-0.0441799628	-0.0183803084	-0.0322024673	0.0747661842	-0.1474388552	0.0072977705	0.0697774427	-0.0227901417	-0.0748816157	-0.0584993348	0.1249661835	0.0478223867	-0.0127304765	0.1729709442	0.0146320175	-0.0086941208	0.1007561351	0.0080904536	-0.0852688281	-0.0743710374	0.0097565932	-0.0489432997	0.0829823223	-0.0263659333	0.1693866802	-0.0193665043	0.057718252	0.090979732	-0.0608176774	0.041602519	0.1021614068	-0.074085243	-0.0381827536	0.0997134928	0.062452304	0.0666993532	0.0119651145	0.0217034086	0.0305027946	-0.1039539485	-0.0835618648	-0.00909828	0.0	8.27786989584e-05	0.0	0.0280333	0.02206662	0.0004869357182244	0.00078586590889	-0.0399619	0.0101225	0.00159695345161	0.0001024650062499	0.000691968	-0.000551902	3.04595817604e-07	4.788197130240001e-07	0.000591055	0.0	3.4934601302500005e-07	0.0	0.000183524	0.0	0.0	3.3681058576000014e-08	0.0	0.0	0.0	0.0	0.0	0.0	0.0	0.0	0.0	0.0
270.38612362508354	0.7460428597855184	0.5565799486369547	73108.65584899895	317.47481451024873	0.5437244957890925	100790.25784831685	0.2956363273211029	189.38883515208545	-0.1416139808293053	35868.130880263794	0.0200545195663228	192.4539356588436	284.54849056524074	1.047415	22.029497	0.057129415	0.0292071	-0.0093911716	0.0175217304	-0.1456556595	0.0827118865	-0.0660610332	0.010420492	0.1102699737	0.0785520354	-0.0151788134	-0.0191022119	0.0539850978	-0.0174539325	0.0041010969	-0.0710073938	-0.1385791687	0.1531445806	-0.0349622531	-0.0611466665	0.0102672227	-0.0399136754	0.0095238659	-0.1660316224	-0.0007135156	0.0440653984	-0.093381332	0.03379283	0.0836804627	0.0164059828	-0.0456289302	-0.1393061312	-0.0085791639	0.0346228578	-0.0001552525	0.1828142686	-0.0452612837	-0.0107137586	-0.0356645412	0.063228771	-0.0219634269	0.008348893	-0.1022770779	0.0441573399	-0.0102009196	0.0100071686	-0.0776010749	0.1085000886	-0.0636026356	-0.0952472903	0.0619783812	-0.0710686119	0.1943669887	0.0440744298	-0.070243532	-0.099545316	0.123942681	0.1410883032	0.1261967158	0.0118757472	-0.0643904554	0.0666307316	-0.2084295294	0.1521753102	-0.0227821679	-0.0176365405	-0.0121588323	0.0264042006	-0.0425855869	0.1255525723	-0.127666421	-0.0953975027	0.0453396375	0.0316792423	-0.0419947881	-0.0776725842	0.0013188206	0.0863980768	-0.0453516699	0.004521614	-0.0231509221	0.0204826437	-0.0414243893	-0.1522310721	-0.084313995	0.0722433809	-0.0330917961	-0.0596973091	0.095570139	-0.0341674111	-0.0377529295	0.0130205848	-0.0523235917	0.0589939522	0.0436966909	0.0895552653	0.1107386565	-0.0126464366	-0.0996843517	-0.2055232397	0.169010096	0.013047893	-0.0474754191	0.1087010247	0.1015288524	0.029921062	0.0095346515	-0.1925560721	0.0180785893	-0.1424003944	-0.0201491967	-0.0490931472	0.014536078	-0.106074104	-0.0528668274	0.0603204763	-0.019237285	0.0137072073	0.1650274021	0.1171461741	0.0954535793	0.0506406588	0.0792295384	-0.0144923968	0.0736452588	-0.071287693	0.0392944562	-0.116161721	0.0796545616	0.0023435381	0.0208172401	0.0976951001	0.0279020578	-0.1064956489	-0.0776238888	-0.0235084	-0.0144101199999999	0.00055264487056	0.0002076515584143	0.0155593	-0.012474	0.000155600676	0.0002420918164899	-0.0488225	-0.0088605999999999	0.00238363650625	7.851023235999994e-05	0.000842485	0.0001505169999999	2.2655367288999993e-08	7.09780975225e-07	0.000591055	0.0	3.4934601302500005e-07	0.0	-9.36529e-05	-0.0002771769	7.682703389361e-08	8.77086567841e-09	0.0	0.0	0.0	0.0	0.0	0.0	0.0	0.0	0.0	0.0
270.9662103794729	0.580086754389356	0.336500642617977	73422.68716741276	318.55755999702467	1.0827454867759343	101478.91903125796	1.1723377891336548	189.48106256877057	0.0922274166851195	35903.073072190346	0.0085058963884106	192.5328556490546	290.29655894047795	1.077996	22.672701	0.055984415	0.0266787	-0.0204845656	0.1023304159	0.0940373137	0.1071905081	-0.0492621324	-0.0139402974	0.0794088696	-0.1675778679	-0.0073759203	0.0134315786	-0.0073851698	0.0629320886	-0.0423933785	0.0373135276	-0.0970508205	-0.0184330967	0.0522829889	-0.0959391851	-0.0127469232	-0.0435378169	-0.0058111	0.0915948839	0.0319160442	-0.0241020211	-0.0650541043	0.0426260656	0.1201218179	-0.0896509665	0.014422416	0.0866313804	-0.1284367344	0.0772583128	0.0906226794	-0.0120162437	0.0102025298	0.0347509102	-0.0219592754	0.1133269831	0.1720728205	-0.0468085705	-0.1741748152	0.0142399238	0.0589701208	-0.1154119931	0.044107581	-0.182446985	-0.0402507397	0.0488280963	-0.0449680761	0.1154086114	0.1064812711	-0.0138479703	0.0770196399	0.0870022174	-0.0279881181	-0.0290817477	-0.1528672382	0.0191381596	0.1333274686	0.014110394	0.1689081291	0.0244002902	0.1271637316	-0.0059887756	0.0033431458	0.063380964	-0.0083402398	-0.0394299352	0.0559074573	-0.0989206602	-0.0263020083	-0.0303368326	-0.1322066743	0.0263562979	0.0053818803	0.1249618275	0.1454779894	0.0552372148	0.1041099705	-0.086963045	0.0779466358	0.0261669469	-0.1306689009	-0.0101423669	0.0467256017	-0.0022986753	0.0582308931	-0.0850310989	-0.1459132968	-0.1392278552	0.1094105837	-0.1797248063	-0.0252928249	-0.1855322308	-0.0725488772	0.0542348894	-0.0146867244	-0.0002751948	-0.0080807452	0.1159242683	0.0321060358	0.0483327114	-0.1023482625	-0.0545440965	-0.0930962506	0.1213338882	0.0037148014	0.0315938367	-0.1034895285	-0.0520894404	-0.0165566287	0.077882388	-0.060514287	0.0591766546	0.0082515481	-0.0335117827	0.1358193363	0.1203165832	0.0506148375	0.0562792248	-0.1416396203	0.0600476544	0.1173798636	-0.0183122099	-0.100700158	0.0310356605	0.0413695665	-0.0209213603	0.0109667126	0.0954124748	0.0252872714	-0.1088228812	-0.0713342571	-0.00910449	0.0144039099999999	8.28917381601e-05	0.000207472623288	-0.0011696	-0.0167289	0.00027985609521	1.36796416e-06	-0.0551255	-0.006303	0.00303882075025	3.972780900000004e-05	0.00103761	0.0001951249999999	3.8073765625e-08	1.0766345121e-06	0.000591055	0.0	3.4934601302500005e-07	0.0	-0.0002695	-0.0001758471	3.092220257841e-08	7.263024999999999e-08	0.0	0.0	0.0	0.0	0.0	0.0	0.0	0.0	0.0	0.0
271.0763749978944	0.1101646184214928	0.0121362431519531	73482.40108199907	318.425002926987	-0.1325570700376488	101394.48248905168	0.0175713768169661	189.87225653260413	0.3911939638335582	36051.47380078303	0.1530327173398112	192.9141486517602	290.4447354262832	0.946089	19.898392	0.066333725	0.0371544	0.0003518371	0.0899596261	0.0881313841	0.1307163938	0.1034999408	0.0255241447	-0.0945751248	-0.0643742465	0.0322960821	0.0193965656	-0.00491364	-0.0314212914	0.0972498116	0.0719122357	-0.0612903002	-0.126025193	0.0144280254	-0.0105346905	0.0136340207	0.0489959019	-0.0664531925	-0.0086375303	-0.05763531	-0.0656774467	-0.0789125906	0.0413697838	0.0045750734	0.0044426502	0.1978489935	-0.0392947629	-0.0300578605	0.0311662539	-0.0425796766	-0.0374965926	0.1630003561	0.0435948486	0.0453005213	0.1136560908	-0.0344453838	-0.0296848778	-0.0901710562	-0.1483253342	-0.0082238651	0.0682529232	-0.0967221941	0.1075190424	0.0785853015	-0.0200590524	-0.0290214096	-0.0238102271	0.0251312596	-0.0073441262	0.0080598939	0.0577732797	0.0798844673	-0.0786573871	0.0155955231	0.0060804561	0.079100038	-0.0585311507	-0.0013272674	-0.1176241302	0.0523171977	0.0310704899	-0.0174411146	-0.0060257945	0.0711984382	0.1024988178	0.045369068	-0.0341414861	-0.0739233296	-0.0380334737	-0.0046635466	-0.0109019296	0.0598516563	-0.0729577108	-0.0171034147	0.1023501237	-0.0500571849	-0.1491545802	0.1455746242	-0.0252732893	0.0347479891	-0.0013153838	0.1337316811	0.0084667766	0.0151467864	0.0553500038	0.039922443	-0.102044233	-0.1503237829	-0.1037577717	0.0533191599	0.0631602944	0.0667288847	-0.0697897471	0.0393331558	-0.089685583	-0.0032625833	-0.0242932277	-0.090163518	-0.0958852905	-0.0428241451	0.0168524095	0.0208972746	-0.0310394545	-0.0030726795	0.0824607113	0.0284062514	-0.0095980895	-0.044110108	0.0855166372	-0.0600702681	-0.0553007474	-0.0515173585	-0.0843713424	0.0102476253	0.1380012027	0.2086643101	0.0278158191	0.0059967417	-0.0411388382	0.1241786953	-0.0612265457	0.0236339555	-0.0225702977	-0.0405291649	0.0050188064	-0.0313785879	-0.0133460135	0.0226597522	-0.1109309587	-0.0647214634	-0.00909678	7.709999999999315e-06	8.275140636840001e-05	5.944409999998943e-11	0.026724	0.0278936	0.00077805292096	0.000714172176	-0.0706425	-0.0155169999999999	0.00499036280625	0.0002407772889999	0.00130577	0.0002681599999999	7.190978559999997e-08	1.7050352929e-06	0.000591055	0.0	3.4934601302500005e-07	0.0	-7.93517e-05	0.0001901483	3.615637599289e-08	6.29669229289e-09	0.0	0.0	0.0	0.0	0.0	0.0	0.0	0.0	0.0	0.0
270.4686425022485	-0.6077324956459051	0.3693387862640001	73153.2865770091	318.54173371467823	0.1167307876912104	101468.83611795296	0.0136260767950104	189.9386439540481	0.0663874214439772	36076.68846710266	0.0044072897259802	193.03078154389263	288.6581631245586	1.130004	23.766531	0.044809756	0.0299485	-0.0401570114	0.1230104855	-0.1001225046	0.0309173042	0.0325618785	0.0054985251	-0.0433792583	0.0906691806	0.1079438302	0.0561101294	0.0619442886	0.0514639059	0.1120724191	-0.0537741506	0.0056537464	-0.0420198361	-0.1009206833	0.0642231993	0.0314861385	-0.044057532	0.0164013789	-0.0583772804	0.1380030413	-0.1481560579	0.0939325849	0.0705154268	-0.0168661783	-0.0247527454	0.0859366797	-0.1134528979	0.0017121585	-0.048392183	0.0053337074	0.0200291447	0.0215767532	0.0353771368	-0.1134589503	0.0316322245	-0.109537573	0.123289895	0.0586631376	-0.0301619835	-0.0056183057	-0.0923520332	-0.0345494826	-0.1136132526	0.0460796819	0.1156131867	0.0494089571	-0.0066120654	0.0627697412	0.0502183741	0.0485297751	0.159376156	-0.0242208314	-0.1125731033	0.0540411308	0.090682164	-0.054528351	0.0782067482	-0.0925378893	-0.0433218148	-0.0873530575	0.0934943643	-0.0127509536	0.020803852	-0.0366698823	-0.1148960446	-0.1475510689	0.0772544545	-0.0886511501	-0.1011693389	-0.0146826974	-0.0411684009	0.0440853897	0.0378383955	-0.077991529	0.1438301141	-0.0084563454	-0.0500999827	-0.0019142925	-0.026305537	0.0663908413	0.0248146409	-0.0987874926	-0.14771222	0.008806858	-0.0060567577	0.1217977532	0.0616749381	0.0576045741	-0.122677272	-0.0760949855	-0.0366003856	-0.0641237433	0.0190128207	-0.0228602273	-0.0231923648	0.0025144288	0.0993212974	-0.179211659	-0.0986201232	-0.0817869973	0.0324647108	0.0727814729	-0.0151230988	-0.0002965336	-0.1444232784	0.0314501196	-0.029717763	-0.0248373792	-0.0431176803	0.0504934239	-0.1116993297	0.0194116682	-0.1212326512	0.0100660499	-0.0066161934	0.0583440652	0.060471466	-0.1055897161	-0.0312236726	0.1729696814	-0.0135643528	0.0699788802	0.0253783615	0.0296364349	0.0132068025	0.1457551648	0.1811850738	0.020020823	-0.112815636	-0.0578154653	-0.0132138	-0.0041170199999999	0.00017460451044	1.694985368039999e-05	0.0287939	0.0020698999999999	4.284486009999998e-06	0.00082908867721	-0.0415959	0.0290466	0.00173021889681	0.0008437049715599	0.00132447	1.8699999999999967e-05	3.4968999999999877e-10	1.7542207808999997e-06	0.000496424	-9.463100000000008e-05	2.46436787776e-07	8.955026161000014e-09	-1.15798e-06	7.819372e-05	6.1142578474384e-09	1.3409176804000002e-12	0.0	0.0	0.0	0.0	0.0	0.0	0.0	0.0	0.0	0.0
269.93059386623366	-0.5380486360148211	0.2894963347174094	72862.52550497759	317.7547368132802	-0.7869969013980267	100968.07276727696	0.6193641228100953	189.6025574322688	-0.3360865217792934	35949.12978485679	0.1129541501217034	192.68426842044468	284.0665532370745	1.27038	26.718973	0.042136111	0.0247999	0.0535076917	-0.0309108302	0.069958193	-0.009267061	-0.1221325717	0.0459289094	0.0678762032	-0.0305018813	-0.0338381308	-0.1099714301	-0.0742257286	-0.0189415809	0.0720110421	-0.0844212862	0.0927157939	0.049978852	-0.0611350304	-0.1397291115	0.0083901411	0.0549835522	0.0539252124	-0.0137446121	-0.0049771687	0.0030184196	0.122845833	-0.2619364408	-0.0618844282	-0.116701463	-0.0732879509	0.0698908312	0.1651226266	0.0113586292	-0.1408257851	-0.0397240947	0.0324434349	-0.0134289627	-0.0588559974	0.0793756032	0.1563732361	0.0610516144	-0.0227841572	0.0061650831	-0.025486018	0.0019958695	-0.0021173706	0.0483786584	0.0629140062	-0.0409384553	0.1542036969	-0.0642270469	0.0814845732	0.0457155094	-0.1028731225	0.1035749497	0.0093206005	0.1197343109	0.0727188626	-0.1776214877	0.0937329033	-0.0175179285	0.0827591389	0.1042985305	0.0522075777	0.0660776413	-0.0228796938	-0.1071060804	-0.0089516672	-0.0284585768	-0.0122857477	0.1352299866	0.0083693946	0.2111852193	0.11311707	0.2254550253	-0.0771040038	0.0039841237	-0.0502326962	-0.0487081964	-0.0287385194	-0.1738361153	-0.0514023611	0.0263154109	-0.0730891749	0.0092991212	-0.0349774399	0.0556842487	0.0005759991	-0.1162351002	0.0213887461	-0.0121991265	-0.0163879184	0.0372381023	0.0348175212	0.0253752428	-0.0050896801	0.1382736546	0.1175928204	-0.0996735673	0.0672589698	0.0468789145	-0.1407203482	0.0774195596	0.1405828237	-0.0833562176	-0.0413055679	-0.0776530017	0.0346813384	0.0564676271	-0.1068857375	-0.0374932742	-0.010017774	-0.0107619323	0.0463374627	0.1234827386	0.083196851	-0.017176015	0.0041197997	0.1065309914	0.0658117352	0.0295789397	0.0665652384	-0.1920931453	-0.0576813664	-0.0200750425	-0.065050724	-0.0031754655	0.0517159591	0.0002686367	0.0933381739	0.0791867866	0.0173718128	-0.1144731177	-0.0506475487	-0.00911902	0.0040947799999999	8.315652576040001e-05	1.6767223248399995e-05	0.00537082	-0.02342308	0.0005486406766863	2.88457074724e-05	-0.0458317	-0.0042358	0.00210054472489	1.794200164000004e-05	0.00122064	-0.0001038299999999	1.0780668899999971e-08	1.4899620096e-06	0.000591055	9.463100000000008e-05	3.4934601302500005e-07	8.955026161000014e-09	-1.0346e-05	-9.18802e-06	8.44197115204e-11	1.0703971600000002e-10	0.0	0.0	0.0	0.0	0.0	0.0	0.0	0.0	0.0	0.0
270.088767806679	0.1581739404453515	0.0250189954360096	72947.94249533016	317.0972375860079	-0.6574992272722966	100550.65808467714	0.4323052338636671	189.21509934751165	-0.3874580847571565	35802.353821088705	0.1501237674436838	192.27532491563665	282.8065835758792	1.102657	23.191376	0.03887306	0.0198544	0.02324906	-0.0413642033	0.0444546343	-0.0706632418	-0.0539756206	0.016091095	-0.0267197222	-0.105097091	-0.0582648045	0.0053482715	0.05629458	-0.1002079855	-0.0087836699	0.1349320314	-0.0317891508	-0.0777868351	0.1301363287	-0.0485942424	0.0206352139	-0.068915057	0.0773473954	0.0554792135	-0.1004156213	-0.0167149656	-0.00069405	0.0344270386	0.0372585185	-0.1141073323	-0.0639114789	-0.1255119285	0.0419649018	-0.1548460073	-0.0353946387	0.0745436992	-0.1295378821	-0.0617593455	-0.0366990291	-0.1513434149	-0.0929584664	-0.0100293818	0.0997616683	-0.0614738045	-0.0403942896	-0.0419163602	0.1175367843	-0.0154259233	0.0640531278	-0.0652292752	-0.0123279212	-0.0279066521	-0.0034753348	-0.0639245056	-0.0656155931	0.0166258438	0.0466303293	-0.0793587024	0.0428422616	-0.2563162831	0.0132469154	0.0780293314	0.057933754	-0.0670621588	0.1152011585	-0.0687387678	-0.022497225	0.0083583866	-0.1120185408	0.0188885625	0.0983910685	0.0246343229	-0.0336600298	-0.0626334417	-0.0601129464	0.0282509122	0.009859296	0.0977558936	-0.1180842973	-0.0151451308	-0.0867521856	0.1478254684	-0.1118407928	-0.0327589062	0.0424001045	-0.0304101642	-0.1080934661	0.0375396116	0.0237762867	0.0964903134	0.1302908038	0.0732783405	0.1298052632	0.0405506383	0.1003124481	0.010451287	-0.04453136	-0.0071991895	0.067452055	0.0472129129	-0.0505084256	-0.0621559857	-0.0690883065	0.0174451842	0.0771907794	-0.1285561004	-0.0317828334	-0.0742607312	0.0102206514	0.0593115006	0.0379575677	-0.048727714	-0.0178461227	0.1532138522	-0.0887681022	-0.0292761358	0.0050013907	0.0088206162	-0.0071731614	-0.0146356167	-0.0942674838	-0.0038464001	0.0824374165	-0.0055967672	0.2170769236	-0.1170077389	-0.0082986668	0.0054884399	0.1060973922	-0.0925632538	0.0530122022	0.0795825618	0.0147140554	-0.1159000657	-0.043250186	-0.00386829	0.00525073	1.49636675241e-05	2.7570165532900004e-05	0.0127642	0.00739338	5.46620678244e-05	0.00016292480164	-0.0509453	-0.0051135999999999	0.0025954235920899	2.614890495999996e-05	0.00144082	0.0002201799999999	4.8479232399999975e-08	2.0759622724e-06	0.000591055	0.0	3.4934601302500005e-07	0.0	0.000191781	0.000202127	4.0855324129e-08	3.6779951961e-08	0.0	0.0	0.0	0.0	0.0	0.0	0.0	0.0	0.0	0.0
270.6096358503328	0.5208680436537634	0.2713035188996988	73229.57501504972	318.5838220182345	1.486584432226607	101495.65165174611	2.209933274138504	189.53658501406176	0.3214856665501031	35924.11705879266	0.1033530337971641	192.60050147987025	285.51481607243164	1.021955	21.494034	0.0619629	0.0356307	0.0465139062	0.0238544769	-0.0434665878	-0.0689052357	0.0194980548	0.074385104	-0.0630646351	0.0733285756	0.1101579465	0.0157490195	0.0337668069	-0.0079017201	0.0471009501	-0.0124817856	-0.0599878239	0.0299955617	-0.0396469834	0.1296259536	0.0545668121	-0.0275284775	0.0619917138	-0.0494914579	-0.0219901822	-0.0578181832	-0.1080187692	0.0125076928	0.0765924311	-0.0514711147	-0.0572362224	-0.1171467269	-0.0570010238	-0.095421348	0.0753533235	-0.002847445	-0.0255600755	0.0537816732	0.1185565073	-0.0083961375	0.0418908547	-0.0714254857	0.1852489617	0.08375253	0.0334181634	0.0063686643	-0.063789739	-0.0763868266	0.0934426525	0.0900096074	0.1611205951	-0.0142802545	-0.068489888	-0.1113977637	-0.1084777095	0.047352096	-0.0729427415	0.002312086	0.0611615398	-0.0366433045	-0.1293520754	-0.0744780246	0.1026308425	-0.0406682218	-0.1430895075	-0.0168213238	-0.0456692551	0.0008339381	-0.0784017429	0.0724421501	-0.0107606368	-0.092659581	-0.0575518286	0.0377226572	-0.0817684064	0.0354297511	-0.0557359077	0.0750265667	-0.0273898598	0.1788292515	0.0720522445	-0.0067090958	0.0047473052	-0.0837776872	0.0183956868	-0.0434993671	-0.0131778117	0.0781836775	-0.0647373543	0.0740415211	-0.0009457704	0.1977317823	0.021874193	0.0319076154	-0.1452586628	0.0147520487	-0.1342809765	0.0122466634	0.0679593602	0.0444240583	-0.0790153818	-0.1521596995	-0.0486619683	-0.0069246221	0.0449394683	0.0069040337	0.1642753579	-0.0273132712	0.0512885085	-0.0309733767	0.0674738607	-0.0405388971	-0.0219301783	-0.1002834108	0.0472374403	-0.0991972373	0.0139673346	-0.0212994607	-0.1008798998	0.0570833054	0.0441485884	0.049615228	0.0435262532	-0.1366696947	0.1107067898	-0.0148048854	0.0743948249	-0.0234377721	0.1566453644	0.0300760525	0.0074657121	0.0001625579	0.012048889	-0.1170936064	-0.0356568892	-0.00909954	-0.00523125	8.280162821159999e-05	2.73659765625e-05	0.0274352	0.014671	0.000215238241	0.00075269019904	-0.0419081	0.0090372	0.0017562888456099	8.167098384000004e-05	0.000904802	-0.000536018	2.87315296324e-07	8.18666659204e-07	0.000688377	9.732199999999996e-05	4.73862894129e-07	9.471571683999989e-09	0.00021891	2.7129000000000004e-05	7.359826410000001e-10	4.79215881e-08	0.0	0.0	0.0	0.0	0.0	0.0	0.0	0.0	0.0	0.0
270.2310207559713	-0.3786150943614643	0.1433493896783405	73024.8045788142	318.3484014787732	-0.2354205394613018	101345.70472409016	0.0554228304002503	189.2378314566144	-0.2987535574473554	35810.956854402	0.0892536880874503	192.2884590369611	286.82570490433	1.045226	21.983467	0.03929144	0.023132	0.011337589	0.0596223723	0.0030261874	-0.1113904301	-0.1165065262	0.002487575	0.0983498885	0.0056630045	-0.007199819	0.0208165552	0.0120620535	0.0211062625	0.0666205895	-0.0708148189	0.0486984331	0.0934960417	0.0236306015	-0.058509935	0.001150955	-0.0955175732	0.0355740204	0.0730146192	0.0603487748	-0.0372126912	-0.030614715	-0.1402227438	0.0560715447	0.0561563259	0.0280475209	-0.1971808741	-0.0303508815	0.0270304607	0.0922672802	0.1044258697	0.156017525	-0.1585633965	-0.0768615268	0.0827881639	0.055373666	0.0238107749	-0.0857130838	-0.1147051198	-0.0493673849	-0.1906621358	0.1779174459	-0.0459942784	-0.0223730297	-0.0063251686	-0.0408379174	-0.0052112722	-0.048131953	0.0552124194	0.016247939	0.0612895912	-0.0639666346	-0.0271554371	-0.132452847	0.0777210824	0.0125362777	0.0429157699	0.0135676893	0.1071720285	0.0304361574	-0.0415277456	-0.010902553	0.0487857091	-0.0769024693	-0.0564821622	0.0261701463	-0.0368202789	-0.0514140546	0.1630440489	0.0208833298	-0.0518474226	0.0101729406	0.0638737068	-0.1117602618	0.0811716399	-0.0488863227	0.0154886308	0.1905843188	-0.0595427908	-0.0630272092	0.1046788276	-0.0052876138	-0.0550392215	0.1912691559	-0.0614260668	0.0573855549	-0.1461806847	0.1916136431	-0.1139826083	0.0324424456	-0.0962196486	0.1138393764	0.0723813728	0.0293749819	0.1530634964	0.0247967618	0.0055606274	-0.043721997	0.0268332098	-0.0906265475	0.0092373152	-0.0210897449	0.0364181739	0.0362357431	-0.0448163737	-0.0606288203	-0.1020809448	0.0313587438	0.0692702447	0.0566158788	0.0440900704	0.0675500062	-0.0309795477	0.0162352734	0.051488698	-0.0166276601	-0.0083640092	0.0003444424	-0.0682265042	0.0257357479	-0.0446828634	-0.1582802593	-0.007551716	-0.0383857205	-0.0678289473	0.2052755071	0.0936714306	0.0093776556	-0.1180513362	-0.0279020578	-0.00910402	-4.48000000000115e-06	8.288318016040001e-05	2.0070400000010298e-11	0.00817194	-0.0192632599999999	0.0003710731858275	6.678060336360002e-05	-0.0444227	-0.0025146	0.00197337627529	6.323213160000029e-06	0.000955823	5.102099999999994e-05	2.6031424409999942e-09	9.13597607329e-07	0.000911983	0.000223606	8.31712992289e-07	4.9999643236e-08	0.000294465	7.555499999999999e-05	5.7085580249999985e-09	8.6709636225e-08	0.0	0.0	0.0	0.0	0.0	0.0	0.0	0.0	0.0	0.0
270.4856323046801	0.2546115487087945	0.0648270407358908	73162.4772832626	317.3214840569796	-1.0269174217935984	100692.92424412396	1.0545593911832112	189.73799031490225	0.5001588582878469	36000.504968737936	0.2501588835238025	192.7811271630976	283.8010120122446	1.132771	23.824739	0.09905207	0.050135	0.079930188	-0.0605606193	0.1342247958	-0.0263590292	-0.0250012346	0.0554156205	-0.0521402081	-0.1107008302	-0.0212954124	-0.0829558637	-0.006755534	-0.0736150131	0.0035996178	0.0503084588	0.0115920633	-0.0912030301	0.0489144046	-0.0449254286	0.0129656316	0.063355839	-0.0078103972	0.0945354142	-0.0788949469	0.035622935	0.0671500271	-0.0137101602	0.1541092771	0.0511801274	-0.092515107	0.033907183	-0.0368227234	0.0056702798	-0.0788229257	0.0887376503	-0.1861946211	-0.0250604958	0.0640211913	-0.0037478461	0.2250404273	0.0381516285	0.1445359147	-0.0931163192	-0.0104866609	-0.0158694337	0.0346737379	-0.0299656724	-0.0568186503	0.1615021818	-0.0613979129	-0.1529891099	-0.00067362	0.2659337266	0.1146078386	0.0754686152	0.0081535828	0.0169358475	0.1660669985	0.0482838645	0.1288442768	0.0360432562	0.0496209198	-0.0796738111	0.0742258083	0.0007948016	-0.0147626887	-0.0615671412	0.033534853	0.0490686798	0.1093681881	0.0257682772	-0.0132462966	0.1536687268	-0.1442402928	-0.0810844313	-0.0437571938	-0.0027623849	0.067747155	-0.0703919611	0.0060534442	-0.0177448955	-0.0643415062	-0.105845224	-0.1677727351	-0.1715575177	-0.0302929858	0.1697021227	-0.1077694136	-0.0255539445	0.1528662345	0.0700654001	0.0746860759	0.0167590345	-0.0224017416	-0.0926322684	0.0332845949	-0.0208258926	-0.189050694	0.0921738024	0.1310510952	0.1968993949	-0.1827799178	-0.1797024004	0.0818973253	0.05521321	-0.1426568081	0.012824011	0.0428582498	0.1505358382	-0.0266121949	-0.0875572279	0.0219974627	0.0608985156	-0.0487064552	-0.0437437707	-0.0151345819	-0.0133815402	0.0288401569	0.1644606663	0.0648180329	0.0414105498	0.0780272457	-0.1273542664	0.0488974056	-0.0424620642	0.039568902	-0.125682831	0.2209003843	0.0080618652	0.0231014482	-0.1311435209	0.0067017003	-0.1187713263	-0.020020823	0.00106914	0.01017316	1.1430603396000002e-06	0.0001034931843856	0.019215	0.0110430599999999	0.0001219491741635	0.000369216225	-0.0751357	-0.0307129999999999	0.00564537341449	0.0009432883689999	0.0014853	0.000529477	2.80345893529e-07	2.20611609e-06	0.000591055	-0.0003209279999999	3.4934601302500005e-07	1.0299478118399996e-07	0.000386517	9.205200000000002e-05	8.473570704000003e-09	1.49395391289e-07	0.0	0.0	0.0	0.0	0.0	0.0	0.0	0.0	0.0	0.0
271.3362491027068	0.8506167980266923	0.7235489370851826	73623.36007712616	318.423716725007	1.1022326680273975	101393.66337296752	1.2149168544667956	189.8740014851693	0.1360111702670394	36052.13643999007	0.0184990384374096	192.9489191245286	287.1838118935709	1.61553	33.978241	0.13037224	0.066318	-0.0794697772	0.0857033033	-0.0838893524	-0.0800169685	0.126830434	-0.0849341247	-0.0697835763	0.0195296084	0.0617136838	0.1819569468	0.11071808	-0.0982721393	-0.0098014145	0.114313435	-0.1466057253	-0.0608403165	0.0632329277	0.0468292843	-0.1243391696	0.0309173431	-0.2050963706	-0.169955775	-0.0032108421	-0.1587970354	0.0184071454	0.0735026037	0.0009954843	0.3138302139	-0.0126583295	-0.0011097631	-0.2010304146	0.1174463069	-0.0628862611	-0.1582103827	-0.0035270988	-0.1189139954	-0.0892161575	0.0127638934	0.1541923985	-0.1264054342	0.108855413	0.0897275039	-0.0841155361	0.0318036616	0.0805946813	0.1584806935	-0.176272992	0.1065727796	0.0072085756	0.0073986761	0.0706955931	-0.0223026429	-0.0294668534	0.2083671414	0.1581077991	0.1801786026	0.0087984933	0.0381731746	-0.0566080274	0.0762944103	0.0072809784	-0.0972815596	0.0078935275	-0.0583095868	0.1375451698	0.0610792514	0.1704200432	0.1309499206	-0.2072649997	0.0607514667	-0.1328506862	0.0314150663	0.0243166373	-0.3515340324	-0.0367231372	-0.0244070254	0.1106978303	-0.0724997251	-0.0876734813	-0.0624690949	0.2018397575	0.2484784199	-0.111365002	-0.1166374344	-0.0247364491	0.0505198816	-0.0215115034	0.0381000914	-0.0970110536	0.0209510606	-0.0208156485	0.159967074	-0.1305609769	-0.1393471366	0.1517246446	0.1362898465	-0.0579462233	-0.0162928243	-0.0920014836	0.1218148374	-0.1145052348	0.0944162089	-0.0062545972	-0.0226193578	0.0879840711	-0.0603819128	-0.0732539754	-0.0909327476	0.1886606799	0.0243891985	0.1129557835	0.1310846795	0.0394677312	-0.067074231	-0.4470422556	-0.0162196825	0.2481382581	0.0259150842	-0.4309099761	0.0472882494	-0.1326168137	-0.078468038	-0.1034258076	0.0368406982	0.2314747145	-0.1654415339	0.0804030291	-0.0091546571	0.1917769022	-0.1708120008	0.0040223704	-0.1192521267	-0.012048889	-0.0196693	-0.02073844	0.00038688136249	0.0004300828936336	0.0645191	0.0453041	0.00205246147681	0.0041627142648099	-0.062396	0.0127397	0.003893260816	0.00016229995609	0.0014565	-2.880000000000005e-05	8.294400000000029e-10	2.12139225e-06	0.000886788	0.0002957329999999	7.86392956944e-07	8.745800728899999e-08	-0.00032075	-0.000707267	5.002266092890001e-07	1.0288056250000001e-07	1.0	0.0	0.0	0.0	0.0	0.0	0.0	0.0	0.0	0.0
272.4003070792169	1.064057976510071	1.132219377374707	74201.92729685165	321.3011469671741	2.877430242167065	103234.4270424216	8.279604798537617	190.39175940176835	0.5177579165990664	36249.02204810085	0.2680732602010058	193.4459211093128	295.52573765145854	1.80353	37.93232	0.24691039	0.1296	0.0525553812	0.1840025792	0.112515906	-0.0577106959	0.2032003401	-0.0149918873	-0.0254260652	-0.0409009957	0.2814756536	0.0648599549	-0.2962458941	0.127330206	-0.1560389277	-0.0573144701	0.0140788526	-0.0863328668	-0.11426661	0.0535961562	0.0175915722	-0.0393867874	-0.2986171172	0.0314920408	0.0566825604	0.3178858872	0.1254481383	-0.062449081	-0.0069424476	-0.0749808749	0.0048234318	0.0348230817	-0.1264340955	-0.0581472285	0.0246473052	-0.053967432	0.3520142871	-0.0013362907	-0.0984342494	-0.1491550826	-0.0291355618	0.0360894015	0.0683024093	0.1159069452	0.1411833686	-0.0419841409	-0.0598497934	-0.0273996907	-0.0135595151	0.0696282234	-0.0958131355	0.0144240388	-0.074347843	-0.0373746266	0.0832588332	0.0080931412	0.0210202173	-0.0374867292	0.0742975215	0.0290530634	0.0492142754	0.1532425519	0.0711776365	-0.0709697877	-0.0732860271	0.1243659081	-0.0261541658	0.1658437845	0.2290918585	-0.0992556868	0.022843597	0.1561529659	0.3396514548	0.1176606251	0.0363704904	0.0215261746	-0.103677112	0.019479586	0.0770482758	0.1160958865	-0.0947836371	0.0112024106	0.1748698677	0.039112668	0.26487104	0.1149012544	-0.161968026	0.0119751961	-0.0400390258	-0.018945228	-0.1231485166	0.0316628209	-0.0110711309	-0.0408516196	-0.0068315053	-0.0376164829	-0.0481926041	-0.033713123	-0.0842845678	0.0634671625	-0.0865789128	0.1105465606	0.039480374	-0.120010793	0.0268163484	0.107010213	-0.0058492853	0.0732924292	0.0384062892	0.0319651366	-0.0891050543	0.3632260992	0.043731852	-0.0679684571	0.2398409063	-0.0196960579	-0.1882606144	-0.0623368244	-0.0024976198	0.2405685513	-0.1271859135	-0.1461912775	-0.2169807353	-0.1520934556	-0.1218440962	-0.3369540416	0.020564497	0.1665931664	-0.1257625242	0.0280252027	-0.2294627921	-0.0879512238	0.0013410152	-0.1194927693	-0.0040223704	-0.029438	-0.0097686999999999	0.0008665958439999	9.542749968999996e-05	0.0363949	-0.0281241999999999	0.0007909706256399	0.00132458874601	0.0297175	0.0921135	0.00088312980625	0.00848489688225	0.000499814	-0.0009566859999999	9.152481025959996e-07	2.49814034596e-07	5.65922e-05	-0.0008301958	3.2026771008399997e-09	6.8922506633764e-07	-0.000871948	-0.0005511979999999	3.038192352039999e-07	7.602933147039999e-07	0.0	1.0	0.0	0.0	0.0	0.0	0.0	0.0	0.0	0.0
271.16842551150546	-1.2318815677114117	1.5175321968671254	73532.31499438889	319.8495789889632	-1.4515679782109032	102303.753179417	2.107049595367289	190.0848156097807	-0.3069437919876634	36132.237125404325	0.0942144914397659	193.155594783018	290.2158679267108	1.55745	32.756691	0.18947774	0.138218	-0.1281471189	0.0970531359	-0.0489027357	-0.1330797617	0.2119226933	-0.1609592182	0.0767775775	0.0509900624	0.0934435357	0.1124948618	-0.3269460762	-0.0417648949	-0.0553998663	0.0496773073	0.1083078529	0.0430707238	-0.12317306	-0.0146589715	-0.1215573234	-0.0290539988	-0.2519863581	0.0148122265	-0.102771247	0.1457332837	0.2654479278	0.2312659618	-0.239967112	-0.0251937304	0.0159797891	-0.0839736046	0.0201157152	-0.0667284303	0.0412544443	0.1605416347	-0.0819644109	-0.212099095	-0.0913810093	-0.0275790866	0.0121426555	-0.0072200018	-0.0835290806	-0.0041610326	-0.0920686929	0.008488434	0.0652276974	-0.0250650453	0.0673326398	0.091435208	0.0281665353	0.1054887117	0.0673652563	-0.0029737677	0.1290989504	-0.0320612641	0.0016105005	0.1098102526	-0.0935103838	-0.1275877951	-0.0465649375	-0.1953150362	0.0222531283	0.0949867497	-0.0437909202	0.0924335688	0.1246868068	0.0786230252	0.1677495216	-0.0004504424	0.0679316611	0.3151307965	0.2003663001	-0.2543164382	0.0901832471	-0.1329418459	-0.0516853452	0.0384429372	-0.056320254	0.0225297767	-0.0124001626	0.1570645048	-0.0755379245	-0.0567537174	-0.1384103078	0.121476269	-0.1617284515	0.0754337562	0.0777064942	0.0087525919	0.1144658218	-0.1760221939	0.0263275325	0.0542306256	-0.09261346	-0.0746599467	-0.0514223503	-0.0071227711	0.073907083	-0.0119754082	0.0128838363	0.0047898981	0.0998439241	-0.023280903	-0.0878721618	-0.1707888608	0.1044321808	-0.1235538507	-0.1017519645	-0.0814912308	0.0858145651	0.2790620637	-0.0156007702	0.1088041545	0.0466510149	0.1577005622	0.1569591673	-0.314937902	-0.086882332	0.0599548071	-0.036754436	-0.0223524703	-0.0256244908	0.0890472424	-0.0096668915	-0.0950172818	0.153541949	-0.2607632361	-0.1456431611	0.1836254911	-0.1849871675	0.2376448556	-0.0013410152	-0.1194927693	0.0040223704	-0.0455699	-0.0161319	0.00207661578601	0.00026023819761	0.0354296	-0.0009653	9.318040900000044e-07	0.00125525655616	-0.0408264	-0.0705438999999999	0.00166679493696	0.0049764418272099	0.00248833	0.001988516	3.954195882256e-06	6.1917861889e-06	0.000104809	4.821680000000001e-05	1.0984926481e-08	2.3248598022400007e-09	-0.000871948	0.0	0.0	7.602933147039999e-07	0.0	0.0	1.0	0.0	0.0	0.0	0.0	0.0	0.0	0.0
269.6790858678393	-1.489339643666142	2.2181325741955904	72726.80935451345	318.77392825780487	-1.075650731158305	101616.81733691212	1.1570244954413962	189.5904245326321	-0.4943910771485775	35944.52907446367	0.2444225371641307	192.717452946514	281.870893126019	1.466926	30.852783	0.1662786	0.101311	-0.037433024	-0.0601373608	-0.0336441805	-0.066402658	-0.0301650942	-0.0075455391	0.0803589211	-0.07151268	0.0046487496	0.0220815296	-0.1139060529	0.005787854	0.1192346856	-0.0619017393	0.1072864877	-0.0205396769	0.0218428426	-0.1080170151	-0.0437782553	-0.0514069657	-0.110359229	-0.1681964032	-0.0136540125	0.0271161925	0.2651163953	0.1514161371	0.0743917681	-0.0050636216	-0.0999707598	0.2958040077	0.1286919048	0.0210102869	0.1405955791	-0.0593372469	-0.0979948027	0.074031832	0.1399182076	0.1304821266	-0.0630086246	-0.0050158004	-0.107200346	0.0083274577	0.1111994628	-0.0529516654	0.0814814148	-0.0181546551	-0.0285172036	-0.2175551413	-0.1188637404	-0.1552731766	0.1298941032	0.0678971443	0.0236316726	0.1355403211	0.0425011904	0.0351721434	-0.0024260685	-0.0342573844	-0.2630661567	-0.1112319342	0.0210146295	0.0291709415	0.0962849751	0.0247966842	0.0259718044	0.0752121555	0.0384554858	0.0560309229	-0.1643118326	0.2639313772	0.0664804143	-0.1152429442	-0.1791367225	0.1194642265	-0.1093805416	-0.1665729818	0.1912831779	-0.094081645	0.1828044929	0.093162071	-0.0734498261	0.0169295791	-0.1261708185	-0.0378753246	0.2437132869	-0.051130755	0.0399170727	-0.0209015221	-0.0915023256	0.0431441463	0.0455306372	-0.0198050956	0.2342307713	0.0899986256	0.0616408364	0.0214444777	-0.1152258685	-0.0527254336	0.0074038336	0.1049988101	-0.0651273908	-0.0207621959	0.086734803	-0.2444873347	0.1778923815	0.0350552488	0.0206231564	-0.1097454521	-0.1015313389	0.1823265005	0.0508080168	0.0224652881	-0.2493321407	0.0162997261	0.2085934515	-0.5280844669	-0.0390410065	-0.1693148114	-0.202999933	0.3913677184	0.1484751005	0.0054232957	-0.0403280292	0.1468710129	0.0247911904	-0.0056871981	-0.0646974194	-0.2647951455	0.0227748208	-0.2368288493	-0.0040223704	-0.1192521267	0.012048889	-0.0378433	0.0077266	0.00143211535489	5.970034756e-05	0.0106603	-0.0247693	0.00061351822249	0.0001136419960899	0.0299896	0.070816	0.00089937610816	0.005014905856	0.0014467	-0.00104163	1.0849930569e-06	2.09294089e-06	0.000124793	1.998399999999999e-05	1.5573292849e-08	3.9936025599999964e-10	-0.000674228	0.0001977199999999	3.9093198399999995e-08	4.545833959840001e-07	0.0	0.0	0.0	0.0	0.0	0.0	0.0	0.0	0.0	0.0
267.82622131202885	-1.85286455581047	3.43310706217873	71730.88482227986	312.7981557933119	-5.975772464492991	97842.686267697	35.70985654739263	188.13649868382527	-1.453925848806847	35395.342137008985	2.1139003738287103	191.3656122108914	276.3085830968652	2.434588	51.204887	0.5822096	0.370033	-0.2264025876	-0.3649753765	0.3279633023	-0.0206249544	0.1552024313	-0.1274126556	-0.3605460103	-0.0897515572	-0.3722894181	-0.0990996114	-0.2506201036	-0.221292051	0.0238234236	-0.4517199848	-0.293103036	0.0782977464	0.3366448476	0.1372797331	-0.1672279722	0.4201505585	0.4510592751	-0.2771498663	0.0128171517	0.3245683021	0.1775251552	0.1171785843	0.0737847056	0.0478170873	0.0224143966	-0.1081172911	-0.0656805026	0.0683251935	-0.0526643458	-0.0459320751	0.0102906303	-0.0500021516	-0.1112412783	-0.0840968166	-0.0192566446	-0.0349560421	-0.0492926029	0.0388322706	0.0834146042	-0.0273771156	-0.0054213004	-0.0001087402	0.0296565594	-0.080372989	-0.0140476021	0.0060299467	-0.0178612491	0.029618922	0.0211570027	-0.0196896688	-0.0926118082	-0.0041740618	-0.0120959175	0.071877396	0.0014436496	-0.0145205441	0.0711296088	-0.1290954742	-0.001604205	-0.3885758933	0.1931185139	-0.6427024799	-0.1027463915	0.0476999999	-0.2100145799	-0.0152424998	0.379653845	-0.0778668426	-0.1153157608	-0.0885321033	0.088230852	0.0767803959	-0.0267987504	-0.0359058427	-0.0149411156	0.0268693099	0.0221234437	0.0531266771	0.0411556112	0.0031036146	-0.0656265028	-0.0293237651	0.0617681622	-0.0390405728	-0.0801525002	0.0323770336	-0.0134630099	-0.0515823195	0.0393158394	0.0049957833	-0.0229690709	0.0222331678	0.0668143854	0.0419279256	0.0275508126	0.0326029308	0.0135448272	-0.0417165863	-0.0095293174	0.0594141109	0.0625371324	0.054072376	-0.2782493349	0.4704774401	0.0718676834	-0.0504625174	0.5278844058	-0.4966465045	-0.1302713203	0.1390268361	-0.1439639893	-0.1039321488	-0.028615183	-0.1550145049	0.0556966929	0.0396117587	-0.0861387036	0.0414679873	0.0283090332	-0.0445179817	-0.0525608702	-0.0174963332	-0.0615995243	-0.0076631338	0.0432485068	0.0510547933	-0.0067017003	-0.1187713263	0.020020823	-0.0375385	0.0003048	0.00140913898225	9.290304000000056e-08	0.0607286	0.0500683	0.00250683466489	0.00368796285796	-0.242295	-0.2722846	0.058706867025	0.0741389033971599	0.00503758	0.00359088	1.28944191744e-05	2.53772122564e-05	0.000933061	0.000808268	8.70602829721e-07	6.53297159824e-07	0.000117662	0.00079189	6.270897721000001e-07	1.3844346244e-08	0.0	0.0	0.0	1.0	0.0	0.0	0.0	0.0	0.0	0.0
270.20877370313616	2.3825523911073105	5.676555896371163	73012.78138615265	318.9267449079131	6.128589114601198	101714.26861755706	37.55960453560829	189.30981757324395	1.173318889418681	35838.2070296149	1.376677216266687	192.32795941990423	282.10931305104054	2.480288	52.166073	0.24094795	0.139369	-0.3263834891	-0.0720462901	-0.0886086832	-0.0741818966	0.0128736283	-0.4832780238	0.0174534153	0.0913738335	0.0327236016	0.0728430964	0.3199779275	0.0446892742	-0.494845252	0.0890268497	0.1853772532	0.0170840523	0.0864247401	0.145099113	-0.3545690515	-0.2922505697	0.0007800236	0.1103564467	0.0268024559	0.1753597617	-0.1322083253	-0.0662694134	0.0955302916	-0.1023394184	0.0278028798	0.0238697981	0.0984717792	0.0903359575	-0.1654519303	0.0878286448	0.0276670579	-0.103661007	-0.066507603	-0.0570622429	-0.1316159725	0.0379020136	0.0150374777	-0.0618776707	-0.1448208381	0.0635473709	-0.0577528514	-0.0960770442	-0.2367579196	-0.0779288607	-0.0622846175	0.0742848368	0.1215537239	-0.0941854196	0.0495284455	0.0705106528	-0.0190719407	-0.0314312198	0.0185535181	0.0219120246	0.0355243801	-0.0264679082	-0.0359513161	-0.022222755	-0.0445435714	-0.1206990442	0.3669455277	0.2912640065	-0.1588819898	-0.0577000185	0.1172507557	-0.155659441	0.1644419454	-0.0178535868	-0.0008459751	0.1259304659	0.0761154041	0.0099801939	-0.1136468698	-0.3477601325	-0.2261997085	0.0777516647	0.0665063248	0.0336226337	0.0312474153	0.0528744401	0.063732714	0.003341314	-9.52926e-05	0.032692697	-0.0343416862	-0.0854335137	0.0304977795	-0.0972860242	-0.1229411374	-0.0054494095	-0.0051684577	-0.0296967694	-0.0478595603	-0.082209642	-0.0622523548	0.0283997728	-0.0496862906	-0.024046173	0.0011090148	-0.0312950982	-0.0059650944	0.0357724835	-0.2983050418	-0.1084601203	0.0761797509	0.0219546006	0.0341133992	0.1005420092	-0.0450614066	-0.1890554441	0.1091195218	0.1661451032	0.1986001279	-0.0630023903	-0.1849761284	-0.1192854436	0.026983489	0.1482037572	0.0178145835	-0.0444294129	-0.2524501357	-0.1150235042	-0.3387946878	0.1931782386	0.1177357464	0.0001001439	-0.0093776556	-0.1180513362	0.0279020578	-0.0641642	-0.0266257	0.00411704456164	0.00070892790049	0.0504179	-0.0103106999999999	0.0001063105344899	0.00254196464041	-0.134971	0.107324	0.018217170841	0.011518440976	0.00419096	-0.00084662	7.167654244000003e-07	1.75641457216e-05	0.000795928	-0.000137133	6.33501381184e-07	1.8805459689e-08	-0.000832336	-0.000949998	9.02496200004e-07	6.927832168960001e-07	0.0	0.0	0.0	0.0	1.0	0.0	0.0	0.0	0.0	0.0
270.7649030706817	0.5561293675455659	0.3092798734466311	73313.63273487567	319.9758365043037	1.0490915963906104	102384.53594662888	1.1005931776173994	189.95017195090645	0.6403543776625042	36081.06782417893	0.4100537289915331	193.0378976019635	285.82520417830364	1.589272	33.425991	0.1457348499999999	0.0719335	-0.1915978799	-0.0374115791	0.0591826837	0.0544300784	0.0402279871	-0.2390737442	0.0181284044	0.049942053	0.1130371492	-0.0567943949	-0.0568327573	0.1059073195	-0.1933548033	-0.0659343514	0.0238936836	-0.0042790381	-0.105986175	0.0618552982	-0.2017918725	0.1664925988	-0.1677975784	0.1620792441	0.0706187228	0.0754574421	-0.1603328962	-0.0661457359	0.2154176115	0.0140774823	0.120499869	-0.0730242414	0.0930153926	0.1154015474	0.1038063359	0.0953797313	-0.0386798053	0.1404629124	0.0210087204	0.0227311665	-0.1502112493	-0.0104240271	0.0210159572	0.0058763967	0.0461946319	-0.1265327771	0.0145108829	0.0072096833	0.0147374698	-0.0599477725	0.0537018856	0.0084259757	-0.0131483641	0.0484167549	-0.0105179706	-0.0399221837	0.0951600561	0.0861142317	0.0236552953	0.0297031256	0.0027918329	-0.1648599566	0.0908204577	0.0275403934	-0.0799279728	0.0827979003	0.2035361343	0.0573230476	0.2648587772	-0.0650708822	0.1178033844	-0.2013383068	0.0012974806	0.0998505614	-0.1634524915	0.0444776135	0.2176477047	-0.0711918692	-0.0815114259	-0.0483747004	0.1036257254	0.0714987924	0.0435927631	-0.2098358863	0.0606122834	-0.0019339028	0.056975939	-0.1364863555	0.0762351595	0.0469082101	-0.0039260722	0.1377352642	0.0246055237	0.0106497851	0.0530379213	0.1109997961	0.0658271647	0.0015694421	-0.0425221361	-0.0168467737	0.0099556977	0.0366302325	0.0421073457	0.0361962443	0.0053378936	-0.0307028137	0.0664382626	0.1077066933	-0.1885131967	-0.0130487537	-0.1995428339	0.0850625344	-0.0877006679	-0.1207964804	0.0806844801	-0.0139002752	0.0940482531	-0.0377895501	0.1216564991	0.0647088807	0.0454069034	-0.1924542673	-0.0245493146	0.1142457909	0.1312861286	0.1054136496	0.0322354528	0.0317855827	0.0088412557	0.0562438741	-0.0602706015	-0.2503751937	-0.012048889	-0.1170936064	0.0356568892	-0.0716892	-0.0075249999999999	0.0051393413966399	5.662562499999985e-05	0.0189855	-0.0314324	0.0009879957697599	0.0003604492102499	-0.0963679	0.0386031	0.00928677215041	0.00149019932961	0.00349922	-0.0006917399999999	4.785042275999996e-07	1.22445406084e-05	0.000591055	-0.0002048729999999	3.4934601302500005e-07	4.1972946128999985e-08	-0.00129921	-0.000466874	2.1797133187600007e-07	1.6879466241000002e-06	0.0	0.0	0.0	0.0	0.0	1.0	0.0	0.0	0.0	0.0
269.46061649447995	-1.3042865762017757	1.70116347286015	72609.0238415852	317.6003276706951	-2.375508833608592	100869.96813653289	5.643042218552453	189.44685965676484	-0.5033122941416082	35890.11263380996	0.2533232654340887	192.5450598893865	281.96211641656475	1.279454	26.909805	0.06570735	0.0344215	-0.2044260688	-0.0738777399	-0.0348273101	0.0774092092	0.0101981272	-0.210494953	0.0760184148	-0.0035768697	-0.1052356477	-0.0382371842	-0.0388790691	-0.0817101655	0.0499156306	0.0424573284	0.0904346078	0.0257263556	-0.0295447506	-0.0306107938	-0.2319793567	0.1490144649	-0.0449396638	0.1430780967	0.0271238314	0.0424014329	-0.0246327678	-0.0715863823	-0.0521685343	0.0295191341	0.0730434571	-0.0242098321	0.1584188863	-0.0265584476	0.1014463179	-0.1372951942	-0.0532544419	0.1273952879	-0.0365524527	-0.0360350388	0.0148488944	0.0083715757	0.1228381798	0.057549475	-0.1487907585	0.0866337615	-0.1449333844	0.065222351	0.02279287	-0.0977472808	0.0813395995	-0.1151553767	-0.0115408696	-0.0105150703	0.0139184281	0.0729672891	0.0567926121	-0.0465592513	0.1620931148	0.0225376235	0.0966379832	-0.0383323924	-0.0307503017	0.0668916875	0.0345827563	0.021409889	0.2223588245	-0.0856976174	0.1353539248	-0.0714270381	0.1105871417	-0.0207981941	7.6267e-06	0.065603742	0.051884893	0.0731785112	0.0200691825	-0.1517983793	-0.1661092124	0.0328720182	0.0520887898	0.0630454289	0.0164616101	0.0461470106	-0.0019208416	-0.1561284766	-0.00511854	-0.0297645677	-0.1777922496	0.0380112259	-0.0673756414	0.0456461013	-0.06015448	0.0647493387	-0.043925471	0.1781564324	0.0142571585	0.0673381869	0.0698911594	-0.1410640776	0.0097703656	0.0249740385	-0.0923244775	-0.0938997021	0.0050420945	0.0181184337	-0.0159594526	-0.1099563227	-0.2216511427	-0.0357913026	0.0036389824	0.0403035388	-0.1088688708	0.0598336261	-0.0730888141	0.138137294	0.070165222	0.0328833592	0.1229774376	-0.0221767287	0.0714568612	-0.0831626672	-0.1152135882	-0.0798774455	-0.0879738981	0.1277085477	-0.1579615477	-0.0098613781	-0.082375898	0.0988210219	0.1325703672	-0.0494530418	-0.0147140554	-0.1159000657	0.043250186	-0.0716593	2.989999999999937e-05	0.00513505527649	8.940099999999625e-10	0.0406986	0.0217131	0.00047145871161	0.00165637604196	-0.113933	-0.0175651	0.012980728489	0.00030853273801	0.00374169	0.00024247	5.879170090000013e-08	1.4000244056100002e-05	0.00084185	0.0002507949999999	7.087114225e-07	6.289813202499998e-08	-0.00133393	-3.472000000000002e-05	1.2054784000000012e-09	1.7793692449000003e-06	0.0	0.0	0.0	0.0	0.0	0.0	0.0	0.0	0.0	0.0
269.8628423204937	0.4022258260137619	0.161785615112453	72825.95366529564	317.2821666009528	-0.3181610697423025	100667.97324299476	0.1012264662995662	189.64744522723504	0.2005855704701957	35966.15348121712	0.0402345710808538	192.7570389991949	280.10749605030327	1.130961	23.786673	0.11013775	0.0635837	-0.1650352523	-0.0616082325	-0.0691668561	0.0983873594	-0.0437435642	-0.0926140096	-0.0879822282	-0.0298704994	-0.0636543202	-0.0080239322	0.153645338	-0.0967648016	0.1311963389	0.0549195583	-0.088490383	-0.1469763275	0.0280383128	0.0026939943	-0.1452522066	-0.0006074412	-0.0440408975	-0.1820186681	-0.0318666314	-0.1724111106	-0.0274885016	0.0659952727	-0.0428560436	0.111853477	0.1015903485	0.1519226352	0.0328050544	-0.1664233931	0.13689281	0.043244962	0.0381521131	0.1066359542	-0.1801422351	-0.0275701527	-0.0595155591	0.0883708198	0.1531087541	-0.0314562398	-0.0599181562	0.064918799	-0.0323730252	0.0998013916	0.0604234894	-0.0747624941	-0.0406589024	0.0609158082	0.010809897	-0.027640493	0.0784583617	-0.251369564	-0.1699666108	0.110832255	0.0059217835	-0.022103023	0.146855365	0.0119783866	0.0225379642	-0.1324014744	0.0536548801	0.0226026932	0.14877828	0.0550466298	0.0227790911	0.1560655121	-0.133245961	0.025595519	-0.1633196963	-0.1138322739	0.0257320833	0.0323823858	0.027241284	-0.2394004927	0.0462423296	0.095258684	-0.0449069411	0.1242704526	-0.0396518153	-0.0146139724	0.0623938493	-0.0326734545	-0.1869580603	-0.1852951355	-0.1093067938	0.0090205829	0.0247338929	-0.0394720066	0.0145894583	-0.0174202011	0.0108907586	-0.0362348491	0.0553174235	-0.070980784	0.1283710172	-0.0833734882	0.065592821	0.0045935085	0.2358671095	-0.0312163374	0.1977752759	0.0831884124	-0.1206070269	0.0472367444	-0.1807431603	-0.0876311452	0.0394230775	0.0377859808	-0.0636578691	0.0078897243	-0.1874255376	-0.1416191707	-0.0998512668	0.0266433186	0.0910996493	-0.0766833633	0.1363293288	-0.1173843759	0.0931699238	-0.0151498529	-0.0775999678	0.1122622106	-0.0682474948	-0.0115116909	-0.0251042391	-0.16099979	-0.1922960761	0.100668659	-0.0173718128	-0.1144731177	0.0506475487	-0.0716685	-9.200000000000874e-06	0.0051363738922499	8.464000000001607e-11	0.0610364	0.0203377999999999	0.0004136261088399	0.0037254421249599	-0.0845136999999999	0.0294193000000001	0.0071425654876899	0.00086549521249	0.00292487	-0.00081682	6.671949124000003e-07	8.5548645169e-06	0.000896663	5.481300000000002e-05	8.04004535569e-07	3.004464969000002e-09	-0.000998134	0.000335796	1.1275895361600013e-07	9.962714819559998e-07	0.0	0.0	0.0	0.0	0.0	0.0	0.0	0.0	0.0	0.0
269.94817849663895	0.0853361761452333	0.0072822629590902	72872.01907365324	316.77463930518826	-0.5075272957645325	100346.17210693212	0.2575839559460592	189.52292630497664	-0.1245189222584031	35918.939595201606	0.0155049620003942	192.58383868144043	282.3238499929676	1.226507	25.796221	0.0845469499999999	0.0366923	-0.1582783676	-0.0249228209	-0.0231567616	0.1344285799	-0.0650401139	-0.1378647952	-0.0268103601	0.1082621227	-0.0387702348	-0.132426236	0.0469818873	0.1149497599	-0.0347598275	-0.0671366499	-0.0363632707	0.032195419	-0.03818147	0.1303161099	-0.1280522296	-0.0002756754	0.0601066949	0.0459481049	0.1904414905	0.013729869	-0.0884646912	0.0430314874	-0.0202971334	-0.0093895455	-0.0804017482	0.1924027357	-0.0015916881	-0.1759609058	-0.0973731229	-0.0090011304	-0.049347654	-0.0427698741	0.1611567718	0.1673668913	-0.0114235827	-0.0367190774	0.018288725	0.0695633849	-0.0405011114	-0.028025659	0.1004010625	-0.0353872989	-0.0521581367	0.0176468738	0.082191526	0.0705223993	0.1057558305	0.0407499682	-0.0352825411	-0.1175560481	0.0129757783	-0.0044451349	0.0211517928	-0.1113309949	0.0711663867	-0.0128102363	0.0615929682	-0.0087439246	-0.1121186928	-0.0113502102	0.1417465107	0.0268712852	-0.0138130724	-0.1474210972	-0.052465465	-0.1741547628	0.0083609376	-0.0370445307	-0.0008568598	0.0634674381	-0.1452886153	-0.0715476473	0.1352450283	0.0051700584	-0.0804401497	-0.0644816346	-0.1890294395	0.0566388697	-0.074945269	0.0304291466	0.141393813	0.0892782608	0.0294637532	0.0477173605	-0.0095127998	0.0223397435	0.1402659287	0.0870491509	-0.0759477857	-0.0551609045	0.0304676414	-0.045226909	0.0474883314	-0.0468149023	0.0537025141	-0.061147073	0.0956033843	0.01073226	0.0236067578	-0.0549215547	-0.0138314335	-0.0809533522	-0.1834261942	-0.0441001137	-0.1162459384	0.0419782198	-0.0854777507	-0.089584067	0.1365040988	-0.0122948364	0.0337526173	0.2068341729	0.0034520155	-0.0368776861	-0.0355452116	0.1509497385	-0.017290451	0.0283753384	0.09469384	0.0091790507	0.0017470032	0.0599746098	-0.0475763105	-0.0287995653	-0.0119658642	-0.004921029	-0.020020823	-0.112815636	0.0578154653	-0.063232	0.0084365	0.0039982858239999	7.117453225e-05	0.0433175	-0.0177188999999999	0.0003139594172099	0.00187640580625	-0.0652998	0.0192138999999998	0.00426406388004	0.0003691739532099	0.00341909	0.00049422	2.442534084000001e-07	1.16901764281e-05	0.00107591	0.000179247	1.1575823281e-06	3.2129487009e-08	-0.00110822	-0.000110086	1.2118927396000028e-08	1.2281515684e-06	0.0	0.0	0.0	0.0	0.0	0.0	0.0	0.0	0.0	0.0
270.8084214214124	0.8602429247734449	0.7400178896227707	73337.20111275729	318.50485106462395	1.73021175943569	101445.34015169828	2.993632732489546	189.49104679950293	-0.0318795054737108	35906.85681717141	0.0010163028692483	192.5330379464513	286.6785110985492	1.11993	23.554653	0.0753235	0.0345636	-0.0952762259	0.0298549185	0.0292528598	0.1062835957	0.0054205131	-0.0838262063	0.0565517987	-0.0272279893	-0.0147309858	-0.0863305778	-0.0799716591	-0.0395333126	0.0857973375	0.1235518944	-0.1077036078	-0.0328152844	-0.0010676867	-0.0277537119	-0.1120526838	0.0837310774	0.0110571005	-0.0184833089	-0.1313462635	-0.0459807014	-0.142805247	-0.0227670213	-0.0577897998	-0.0528725456	0.0610053799	-0.0279592564	0.0670238594	-0.0167097782	0.0120883613	-0.06615683	-0.0687648547	-0.018445497	-0.1046925017	0.1280660378	-0.1008813299	0.0566879413	-0.0020512108	-0.0398676574	0.0949389492	0.016979714	-0.0618967335	0.0572807528	0.0659922245	0.0604437252	0.0130246503	-0.1544123255	-0.0270324837	-0.0198043828	0.0889145872	-0.0310305583	0.1038475632	0.1620329654	-0.1211898267	-0.1390207851	0.0097787973	0.1419945963	-0.0698895432	0.0118936584	0.0485056166	0.02077129	0.1002399965	-0.0332795657	0.050211392	0.1165090696	0.0954790283	-0.074030197	-0.0569319525	-0.0305413979	0.0534637189	0.0774839103	0.0135698091	-0.0135020954	-0.1089027802	0.0918905016	0.0106689241	-0.0652885885	-0.0207032208	0.107499901	-0.0445678336	0.0280524505	-0.0518881426	-0.1717641928	0.0326069786	0.0153316435	0.1642967005	0.0792911017	-0.1188230611	0.0169490025	0.0993927691	0.0200546083	0.0062207011	0.1318068459	-0.135852688	-0.0279894177	0.0723174015	-0.002834337	0.1029572189	0.0223092516	-0.0171232884	-0.1125857971	-0.096028809	-0.0053495517	-0.141140268	0.0362948681	0.0109201696	0.0369674658	-0.095810759	0.0434522603	-0.0355783781	0.0821369144	-0.0673916784	0.1209572728	-0.0838749035	0.062865963	0.1034294283	0.0121641317	-0.0131600304	-0.1409177658	-0.0805699511	0.1262091772	0.0857164546	-0.0539350051	-0.0586589696	-0.0920300326	-0.0541687917	-0.0063338355	-0.0226597522	-0.1109309587	0.0647214634	-0.0500761	0.0131558999999999	0.00250761579121	0.0001730777048099	0.0593344	0.0160169	0.00025654108561	0.00352057102336	-0.0854671999999999	-0.0201673999999998	0.0073046422758399	0.0004067240227599	0.00320853	-0.00021056	4.433551360000012e-08	1.02946647609e-05	0.00105138	-2.453000000000004e-05	1.1053999044e-06	6.017209000000018e-10	-0.000823644	0.000284576	8.098349977600002e-08	6.78389438736e-07	0.0	0.0	0.0	0.0	0.0	0.0	0.0	0.0	0.0	0.0
269.9736853494797	-0.8347360719326957	0.6967843097856266	72885.79078117987	317.90273675860544	-0.6021143060185068	101062.1500386112	0.3625416375121481	189.6345910052677	0.1435442057647833	35961.27810573516	0.0206049390086424	192.6902735296567	285.36901819396155	1.165098	24.504644	0.0870794999999999	0.048062	-0.1536393256	0.0860657262	-0.0845871101	-0.0022997041	-0.0820146161	-0.1104192442	0.0479910735	0.0314894155	-0.0116108001	0.0282674819	0.0461356214	0.0372327257	0.1430799784	-0.0064787049	-0.0164417419	-0.0070986618	-0.0253806695	0.051278933	-0.1023443952	-0.0835194214	-0.0220603709	-0.0607425782	0.1701318563	-0.0502787549	-0.0533302504	0.1258867744	-0.0931003896	-0.0306170037	0.0139838171	-0.101584594	-0.0420148639	-0.0934203543	0.0927559341	0.0282238928	0.0073592453	0.1784191004	0.1446509252	0.1322568715	0.1338041138	0.0072754666	-0.0439607379	0.045923684	0.0142662149	0.0319685967	0.1059657582	0.1804081178	-0.0913805013	0.042673752	-0.0941566828	-0.1417198082	-0.0400302301	-0.0682098517	0.0028861304	-0.0062063887	0.0125628497	-0.058186396	0.0083059524	0.0504700544	0.064542494	0.050851234	-0.0235013367	-0.0019537956	-0.0243371944	0.0166133306	0.1097240243	0.088917452	-0.0195648416	-0.0730784198	-0.1234082465	-0.0861370993	-0.0260902124	-0.1275410341	0.0651180571	-0.0687010062	-0.085266296	0.0254097161	-0.032457036	0.2145815358	0.0086549836	-0.0261597154	-0.0322483435	-0.1034132914	-0.0730217189	-0.0636313149	0.1324549957	-0.0138287844	-0.1120674324	-0.0204098274	-0.1218623742	-0.0464104668	-0.0588276649	0.05970285	0.0789861286	-0.1340453174	0.1780468389	0.0927137715	-0.0724199569	0.0422768208	-0.0142051381	-0.0711449872	0.0373585219	-0.1212496733	-0.0688848734	0.1095793088	-0.0341986529	-0.0782576347	-0.1379971008	-0.1719677506	-0.0462761644	0.0217411822	-0.044518714	0.0132013602	0.0311947581	-0.0254537977	-0.0337118566	0.0277577009	-0.1594534814	-0.13273965	0.0178157712	-0.0142410459	-0.1294648271	0.0038309977	-0.0868286411	0.1108102264	-0.0108339002	0.0419343879	-0.0109506359	-0.1485524835	-0.042036011	0.0523191098	-0.0252872714	-0.1088228812	0.0713342571	-0.0608446	-0.0107685	0.00370206534916	0.00011596059225	0.0678718	0.0085373999999999	7.28871987599999e-05	0.00460658123524	-0.048445	0.0370221999999998	0.002346918025	0.0013706432928399	0.00282941	-0.0003791199999999	1.437319743999998e-07	8.005560948100001e-06	0.00118767	0.00013629	1.4105600289000002e-06	1.8574964100000023e-08	-0.000724026	9.9618e-05	9.923745924e-09	5.24213648676e-07	0.0	0.0	0.0	0.0	0.0	0.0	0.0	0.0	0.0	0.0
269.5654544479826	-0.4082309014971201	0.1666524689371514	72665.53423174737	317.33135505622107	-0.5713817023843717	100699.18890181744	0.3264770498196627	189.36421102899425	-0.2703799762734604	35858.80441863347	0.073105331569637	192.5087645083938	279.97135642935325	1.220581	25.671587	0.1226519	0.0612444	-0.0728168821	-0.0983869449	0.1003713535	-0.0254819743	-0.0765251763	-0.0690604283	-0.0354892074	-0.0805620185	-0.0725590325	-0.1305341874	-0.0065519104	-0.0384074992	0.0683589792	0.0468358264	0.1249110793	-0.0158416708	0.02967355	-0.0349777949	-0.1207369502	0.0880102031	0.0478564145	0.0695928536	-0.0582484538	-0.0966272609	0.0150232959	0.0478235197	0.0126404902	-0.061397927	0.1676802819	0.0440992734	0.0749516297	-0.0305930457	0.1005705208	-0.0246112936	0.0257630124	-0.0525189831	0.0626969955	-0.0008821578	-0.043796048	-0.1435558794	-0.0166931475	-0.0147575708	0.0877605797	-0.0409562667	0.0298670855	-0.0294187824	0.0176547821	0.1673803681	0.041323653	0.1134441701	-0.0209432124	-0.0442178358	-0.0670701916	0.0439905603	-0.0255598843	-0.0573656781	0.0232203694	0.0865944889	0.0540205787	0.0210446547	-0.0206153888	-0.0105634741	0.0496629144	-0.0074423104	0.1048017198	-0.0956441412	0.0176480435	-0.0278827487	0.0882136275	0.0510437733	-0.1064372381	-0.0443290588	-0.0628020981	0.1059685606	0.0778576738	-0.1207565542	0.0103128446	0.1323478147	0.1088785355	-0.0503755223	0.0574504461	-0.0004709469	-0.0064485657	0.0670038483	0.0193092762	0.0861883903	0.126067187	0.0932111865	0.0465202614	0.0237001162	-0.0287152347	0.0243977006	-0.0424278113	-0.1202067591	-0.058261442	-0.030090851	-0.0185547925	-0.0606518862	-0.160958492	-0.0076344404	0.0040967174	0.0650246598	-0.0198798993	0.0859729628	-0.0971020431	-0.0130890444	-0.1156888164	0.0870546179	-0.0507456693	-0.002507468	-0.0512879757	0.051091256	-0.0099189065	0.0733368562	0.0412396385	0.1156554118	-0.1031922771	-0.1182077751	-0.0185733797	-0.0174095742	-0.0788090285	-0.0905491419	0.0758528594	0.0913737383	0.1157575981	-0.0589343081	0.1182993283	-0.0499135736	-0.0504016185	0.1047947027	-0.0279020578	-0.1064956489	0.0776238888	-0.0393453	0.0214993	0.00154805263209	0.0004622199004899	0.0304806	-0.0373912	0.00139810183744	0.00092906697636	-0.0639759	-0.0155309	0.00409291578081	0.00024120885481	0.00342007	0.0005906599999999	3.488792355999998e-07	1.16968788049e-05	0.00126094	7.327000000000006e-05	1.5899696836000005e-06	5.368492900000009e-09	-0.000423346	0.00030068	9.04084624e-08	1.7922183571600005e-07	0.0	0.0	0.0	0.0	0.0	0.0	0.0	0.0	0.0	0.0
269.6133006576905	0.0478462097079273	0.0022892597834149	72691.33189153421	316.837326194887	-0.4940288613340726	100385.89127032524	0.2440645158310403	189.2800471557632	-0.0841638732310343	35826.936251287945	0.0070835575572496	192.3127389263205	278.579889148238	1.036361	21.797022	0.0728666	0.0464299	-0.1130800765	-0.0945870867	-0.0631146284	-0.1045947146	-0.0358891266	-0.0832437405	-0.0561650762	0.0738711615	-0.0461441736	-0.0756965378	0.0794921149	-0.0938119989	0.0710598639	0.0809690449	-0.0812092463	0.0253383523	-0.0052553185	0.1420070266	-0.0743091025	-0.0485269419	0.0508543394	0.0187198447	0.0167007286	-0.1015652892	-0.0034073054	0.1699836682	-0.074582345	-0.1283997513	-0.0236083429	0.0833760388	0.1462078154	-0.0021899771	-0.0102574071	-0.0949166467	0.0014683233	0.0028271407	-0.025252939	-0.1670178421	0.0939859723	-0.1315916314	-0.0427002714	-0.0538789437	-0.0517587189	0.0459548892	-0.170946722	0.0251543848	-0.1531974865	0.0238999711	-0.0236387672	-0.0255869896	-0.1097656402	0.169732941	-0.101270867	-0.0849657429	-0.0154748587	0.0135333977	-0.0933616926	0.1106889074	0.0134571312	0.0473203363	0.0168452684	-0.0304869874	-0.1026415706	-0.0442049012	0.085828819	0.0284011016	-0.077145318	-0.0340703302	0.0292005792	0.0079063722	-0.0862407754	-0.2492751399	-0.0137543957	0.0888655972	-0.0672571403	-0.0789642126	-0.0699389861	-0.0455275171	0.0643308795	-0.0195765822	-0.0311225187	0.0422215852	0.0231307834	-0.1150032898	-0.0276159978	0.1703669305	0.0190075672	0.024083681	-0.0447544336	-0.0669746394	-0.1415373005	0.0020514405	-0.0890793922	0.1205236864	0.0432623932	-0.0194594676	-0.1280816024	0.1122000423	0.1019146782	0.0407974702	-0.0127507683	0.1726797793	0.0659055851	0.1465826687	-0.0931453331	0.168788613	-0.1212380709	-0.0405469209	0.0945472977	-0.0186036874	-0.0829432681	-0.0128727133	-0.0087604724	-0.0275522049	0.04085959	0.1463652318	-0.0658784193	-0.1132639048	-0.0918743698	0.0647796422	-0.0231520905	-0.1323168425	0.1566105552	0.0372942673	-0.0247523402	-0.0059845594	-0.0454838824	-0.1414104754	-0.0904354324	0.0467749456	-0.0305027946	-0.1039539485	0.0835618648	-0.046427	-0.0070817	0.002155466329	5.015047489000005e-05	0.0541329	0.0236522999999999	0.0005594312952899	0.0029303708624099	-0.0637113	0.0002646	0.00405912974769	7.001316000000196e-08	0.00269795	-0.0007221199999999	5.214572943999995e-07	7.278934202500001e-06	0.0011457	-0.00011524	1.31262849e-06	1.328025760000004e-08	-0.000423346	0.0	0.0	1.7922183571600005e-07	0.0	0.0	0.0	0.0	0.0	0.0	0.0	0.0	0.0	0.0
270.7546985746638	1.1413979169732895	1.3027892048709648	73308.10680025705	317.8359819957741	0.9986558008870928	101019.71145121804	0.997313408645441	189.48293820076373	0.2028910450005128	35903.78386919445	0.0411647761414001	192.48975601627703	283.3019972631487	1.159501	24.386927	0.05519125	0.0359039	-0.055526347	0.025653713	0.0394655726	-0.0268179383	-0.1643356113	-0.046391232	0.0663149073	-0.0449562684	-0.0009749395	-0.0560376287	0.0597427921	0.0221511581	0.046718891	-0.0393277006	-0.148569643	-0.0026754856	-0.004350799	-0.0794886256	-0.0725390461	0.0545022488	0.0276879738	0.0317861962	0.0556876584	-0.000743666	-0.1173858045	-0.0251722166	0.1241888644	0.0595806932	-0.1113358503	0.0767171454	-0.0119700287	-0.0788503058	-0.0595235639	0.0051302039	0.0938756034	0.1180829271	0.0658648676	-0.0848325873	-0.0329187441	0.0495274391	-0.0330719626	0.0321874301	-0.0502398796	-0.1076727335	0.2098300287	0.0426723958	0.0403717057	-0.0560012525	-0.0780961103	-0.0695740836	-0.0461763177	-0.156798635	-0.1062575499	-0.0553509555	0.0078467442	-0.0634468796	-0.1290296687	0.036873944	-0.1178836368	-0.027058612	-0.0831107573	0.03997359	0.0649570417	0.0214025183	0.0545993836	-0.0029018261	0.0344679425	0.0130440719	-0.0122261509	-0.1564986854	-0.0287084749	0.1179802715	-0.1006846133	-0.0016202942	-0.1028598071	-0.0506608112	0.0752529409	-0.0410685151	-0.0415795145	-0.0048720337	-0.0800997302	-0.0201627795	0.1654743782	-0.00109839	0.0589593353	-0.039385344	-0.0427548706	0.0078362223	-0.0201691304	-0.0439614552	0.1368513188	0.0422382178	0.1985232961	-0.0375312748	0.0561563878	0.1236096163	0.0397120104	0.0948674016	-0.0724878886	-0.128826162	0.0807648837	0.1488124345	-0.0815237166	0.0156776215	0.026658724	0.0289386448	-0.0688464736	-0.0306738634	-0.1397470747	-0.0055517708	-0.0033248376	0.0011963792	0.0042659966	0.0457906061	-0.0320089592	0.133624608	-0.0798682562	0.0095029415	0.0167654694	-0.0091853942	0.0402067135	-0.1395231621	0.098583607	0.1304863128	0.0676504605	-0.0188957688	0.0497354631	0.0025298715	-0.1778977987	-0.0133479878	-0.0330881723	-0.1012028987	0.0891212848	-0.0476288	-0.0012017999999999	0.0022685025894399	1.4443232399999902e-06	0.0244916	-0.0296413	0.00087860666569	0.0005998384705599	-0.0438372	0.0198741	0.00192170010384	0.0003949798508099	0.00269795	0.0	0.0	7.278934202500001e-06	0.00123518	8.948000000000007e-05	1.5256696324e-06	8.006670400000013e-09	-0.000423347	-1.000000000015745e-09	1.0000000000314906e-18	1.7922268240900002e-07	0.0	0.0	0.0	0.0	0.0	0.0	0.0	0.0	0.0	0.0
270.69751618452455	-0.0571823901392463	0.0032698257420369	73277.14526847092	319.2199010723261	1.3839190765519902	101901.34524062564	1.9152320104445133	189.7680428417665	0.2851046410027607	36011.910083994524	0.081284656321313	192.87117294769487	288.56190084468176	1.032603	21.717972	0.0309646499999999	0.0237002	-0.0697377043	0.0782565842	0.0641233105	-0.0716120293	0.0350154447	-0.0533671675	-0.0644367924	-0.0318555486	0.0480430461	0.0049162899	-0.0531896547	0.0582142389	0.0829082323	0.0978960901	-0.0425385392	-0.0627731576	0.0039962824	0.0928576315	-0.0569667472	-0.0374254089	-0.0892836568	0.005763651	-0.0448710535	0.0292404212	-0.1147517191	-0.0722982413	-0.1236683496	0.0966670393	-0.1858248406	0.0464348999	0.143530454	0.0759909239	-0.10008983	-0.0268309719	0.1074624895	0.0264240849	0.0130508778	-0.0768932767	0.0816944812	0.0677617158	0.05988446	-0.0654646363	0.1030407242	0.0367867214	0.0612397944	-0.0324660377	0.0019895523	-0.0112853125	-0.0923161564	-0.093027146	0.0628733844	-0.1079789362	-0.1191652402	0.0670027148	-0.1170908858	0.0256327726	-0.138365358	0.1250411011	0.0637121245	-0.0248248603	-0.0469095818	-0.0887563311	-0.0451163293	-0.0004340317	0.0614165646	0.0868451781	0.0462366738	0.0503605317	0.0481169854	-0.0479702266	-0.0028422982	0.056891487	0.1508765183	-0.0112255241	-0.1416031605	-0.0280775848	-0.0731660913	-0.1406813077	0.0687674044	-0.0534492155	-0.0755548095	0.0883215799	0.0705462313	0.06744235	0.0077118638	0.0344595133	-0.0860178079	-0.0936569462	-0.0688507237	0.0089520524	0.0093926139	-0.1339549363	0.085544559	-0.2114400697	-0.01765888	0.1249370269	0.0214732495	0.0333678215	0.0316468128	-0.0651114492	-0.0599471545	0.0416268482	0.0332140635	0.1441711138	0.0036423485	-0.0687809057	-0.0857509185	0.0240771588	0.036692486	-0.0190857059	-0.0795502376	0.0447725016	0.0744953835	-0.0013428305	-0.0332999054	-0.0034001364	-0.1447779517	-0.0090756698	-0.0375373814	-0.0103337441	0.0242903475	-0.1258986354	0.000258337	0.0908906421	0.0539440168	-0.0604910579	-0.0401220991	-0.0417315944	-0.0206567094	0.12048314	-0.0356568892	-0.0982480398	0.094276963	-0.0469608	0.000668	0.0022053167366399	4.462240000000026e-07	0.0278606	0.003369	1.1350161000000004e-05	0.00077621303236	-0.0655558	-0.0217185999999999	0.00429756291364	0.0004716975859599	0.00280171	0.0001037599999999	1.0766137599999922e-08	7.8495789241e-06	0.0012356	4.19999999999891e-07	1.5267073599999995e-06	1.763999999999084e-13	-0.000423346	1.000000000015745e-09	1.0000000000314906e-18	1.7922183571600005e-07	0.0	0.0	0.0	0.0	0.0	0.0	0.0	0.0	0.0	0.0
270.3185536498876	-0.3789625346369689	0.1436126026584759	73072.12044736715	318.03856445809646	-1.1813366142296218	101148.52848256678	1.3955561961195062	189.69169576121223	-0.0763470805542567	35982.939440764305	0.0058288767091581	192.76149964965185	283.294855586553	1.06707	22.4429	0.09041035	0.0585645	-0.0100719518	0.0076615096	-0.0286060585	-0.0973876363	-0.0931542716	0.0029046245	0.0849089168	0.0170064012	-0.0142109987	-0.0369082636	-0.0150506788	-0.032967237	0.106060169	0.018139224	0.0237898665	0.0618454268	-0.1016635856	-0.0832433585	-0.0368136425	0.1321776955	-0.0338314962	-0.1193172427	-0.0207899803	-0.0588013533	0.102732067	-0.2145885281	-0.0629859963	-0.1508700653	0.019441261	0.0812095506	-0.0312153911	-0.1432131274	-0.0016474113	0.0158115672	-0.0055665632	-0.012029342	0.0124434216	-0.0061674069	0.1923009174	-0.0616342059	-0.0307303229	0.0870492126	0.0048065099	0.0420928016	-0.0120519107	-0.0510456791	0.0374512631	-0.0842877377	0.1881098052	0.0429756	-0.0450540564	0.1247273194	-0.0487925598	-0.0238784922	0.021237517	-0.1325906987	-0.0412797532	0.0425811423	0.0439509273	-0.1354163974	-0.1993679076	0.0995940933	-0.001285685	0.078356017	0.0264436702	-0.1037365979	0.0845114813	0.089916708	-0.0819313012	0.1043712517	-0.0409845916	0.0955392207	0.0847411616	0.2381295281	0.013999678	0.0161821543	0.0690298758	0.1153827284	-0.0651111192	0.0514676066	-0.0298203335	-0.0594828899	-0.0533700373	-0.0906203895	-0.0028614224	0.1559349263	0.0649393631	-0.1562958168	-0.0747105217	0.060258948	-0.0115200387	0.0760838744	-0.0309862011	0.1271091706	-0.0895123598	-0.0169021973	0.0989904013	0.0273774686	0.0885235225	-0.0734516283	-0.0352433157	0.1069086339	-0.1123261192	-0.0289518703	-0.1205893574	0.1090857797	-0.0249474101	-0.0618203555	0.0030897324	-0.0215433953	-0.0309640312	-0.0481344932	-0.0832523594	0.1124784747	-0.0190985543	0.0273560633	-0.1499391272	0.0396311656	0.0634495339	-0.0691534674	0.0354913731	-0.155146739	-0.0622463581	0.0268455118	0.0255129728	0.2155701974	0.0456608536	0.023916257	0.0089078397	-0.0689985626	-0.0382076517	-0.0950953223	0.0990055431	-0.0472775	-0.0003167	0.00223516200625	1.0029889000000197e-07	0.0531776	0.025317	0.0006409504889999	0.00282785714176	-0.0368072	0.0287486	0.0013547699718399	0.00082648200196	0.00208277	-0.0007189399999999	5.168747235999999e-07	4.337930872899999e-06	0.00123722	1.620000000000137e-06	1.5307133284000002e-06	2.624400000000444e-12	-0.000423347	-1.000000000015745e-09	1.0000000000314906e-18	1.7922268240900002e-07	0.0	0.0	0.0	0.0	0.0	0.0	0.0	0.0	0.0	0.0
270.3937802524423	0.0752266025547214	0.005659041731926	73112.79639920605	317.5989804707966	-0.4395839872998408	100869.11239608943	0.1932340818904266	189.652207067953	-0.0394886932592442	35967.95964574572	0.0015593568953226	192.76655838457384	283.50925162067523	1.17189	24.64749	0.1309892399999999	0.0742218	0.0484635531	-0.0031154203	0.0854323551	-0.0072429225	-0.0367036677	0.0358775597	-0.0540061886	-0.1058030365	-0.0086033634	0.0633722082	0.0639425486	0.0469466126	-0.0647148748	-0.0358407128	0.007246764	-0.1552607145	0.0566238241	-0.0345026246	0.0575040845	-0.0247389426	-0.0179356608	-0.046768143	0.0455939237	-0.009417154	0.0317102597	-0.0300628214	-0.0247295576	0.1469703076	0.0890578562	-0.0476130665	-0.0555795577	0.1225631547	-0.0931238113	-0.0006539892	-0.0103264696	-0.1051138603	-0.0279818335	-0.0888118679	0.0346503691	0.0752343067	0.0308045362	-0.06796475	0.0877215453	0.0196900422	0.0768574799	0.0705396673	0.0458063266	-0.0259265511	0.0088530604	0.0913129905	0.0474506747	-0.1049048519	-0.0056588425	-0.0288725607	-0.1094914337	-0.0499343121	-0.0521580515	-0.0536872726	-0.0285020066	-0.1478794505	0.1102286676	-0.110166612	0.1197032606	0.030783041	-0.0494620325	0.0374735938	0.0025566074	-0.0427126774	-0.0692405887	0.0290490791	0.0039333809	-0.0080109034	0.0809443748	-0.1322266983	0.1760699262	-0.0241679521	-0.0014251863	-0.1055687579	-0.0553222172	0.0134021255	0.0491754748	0.043139754	0.0281854217	0.037564374	-0.0278899746	0.0278977619	-0.0114257383	-0.0923612306	0.0578095892	0.0295190268	-0.026608125	-0.0354518684	0.0305671664	-0.0986224077	0.0053176969	-0.0319102523	0.1243023256	0.0187861734	-0.0437895266	-0.1627389931	0.0006590821	0.0025787453	0.0188828992	-0.114130483	0.0187019124	0.1687352843	0.0341599644	0.0355140546	-0.1040213592	0.0644095775	-0.0023348999	0.0742326575	0.0212355407	-0.0465505189	-0.1387958174	0.0011767384	0.0178002752	-0.0865312119	0.0248833803	-0.0217205993	0.1628321979	0.0999209953	-0.0651470625	-0.0666536594	-0.0997860956	0.0094677831	0.0335662664	-0.0087679399	-0.0294618953	-0.0039199915	-0.0407391756	-0.0917510955	0.1032856033	-0.0546604	-0.0073828999999999	0.0029877593281599	5.450721240999997e-05	0.0269159	-0.0262617	0.00068967688689	0.00072446567281	0.00427094	0.04107814	1.82409284836e-05	0.0016874135858596	0.00116079	-0.0009219799999999	8.500471203999996e-07	1.3474334241000002e-06	0.00144057	0.0002033499999999	2.0752419249e-06	4.135122249999997e-08	-0.000423347	0.0	0.0	1.7922268240900002e-07	0.0	0.0	0.0	0.0	0.0	0.0	0.0	0.0	0.0	0.0
270.5686005367093	0.1748202842670139	0.0305621317911995	73207.36759639338	318.25692468724435	0.6579442164477314	101287.47011138232	0.4328905919570192	189.7123549570578	0.0601478891048259	35990.7776233527	0.0036177685637664	192.7919033244673	286.0530323653571	1.00032	21.038992	0.0683650899999999	0.0386233	0.0379559668	0.0103503826	0.0160055979	-0.0227893395	0.1400434442	0.024972191	-0.0551658502	0.0673313044	0.0639136442	-0.0501054536	-0.0786809761	0.0738546337	-0.0312007827	0.0411168961	-0.0006002862	-0.0096332125	-0.0682253717	0.1103471748	0.0235322871	0.0378647859	-0.0293422512	0.0325377322	0.0233165348	0.0029189415	0.0546231533	0.040759777	-0.0620637142	0.0004790758	-0.1247469405	0.0349349294	-0.161108199	0.0482616118	-0.0487340845	0.0649550244	0.0829765422	-0.0058839226	-0.0327242541	0.0961534572	-0.0534244126	-0.0067760543	0.1313954833	0.0615093661	0.0437041504	0.1014741554	0.0307478899	-0.0708103495	0.1656639228	-0.0671357242	0.1818587499	-0.0046268294	0.0212290966	0.051015983	-0.0209522868	0.0520217868	0.0116302488	-0.1529112302	0.1096863065	-0.0640125963	-0.0129730005	0.1492879746	-0.0541620702	-0.0432145726	-0.1190027564	0.0390274504	-0.0186960226	-0.0016413144	0.0533850185	-0.0625411217	0.0120603878	0.0243961843	0.0028345841	-0.0293415225	0.0517362547	-0.0328182191	-0.1579958252	0.0302625033	0.15702673	-0.0301891531	-0.0546652822	-0.0116452484	0.0436216868	-0.0456837753	0.006348712	0.0266246417	-0.0230749936	-0.0784493769	0.0093861498	0.0131270615	-0.0004931874	0.1758708708	0.0167478734	0.0376219269	-0.0216972468	0.0116494548	-0.1313543518	-0.0914493652	0.1914133024	-0.0330607611	0.0887428997	-0.0526114678	-0.1291856474	-0.0559886586	-0.0607481515	-0.0128097325	-0.0744447175	-0.0042371491	0.0111079753	0.0421008127	0.0383792847	0.0575383261	-0.1182923334	-0.0622997754	0.133305057	0.0431663437	-0.0582463222	-0.0321715629	-0.0336739037	0.0089895473	-0.0709046051	0.0284250717	0.0623975128	0.0062053557	-0.0480054025	-0.0433604652	-0.0341663325	0.0963882309	0.0769387655	0.058578823	0.0454515786	-0.0151524377	-0.043250186	-0.0882220943	0.1070977539	-0.053301	0.0013593999999999	0.002840996601	1.847968359999991e-06	0.0330293	0.0061133999999999	3.7373659559999975e-05	0.00109093465849	-0.0194529	-0.02372384	0.00037841531841	0.0005628205843456	0.00161806	0.0004572699999999	2.090958528999999e-07	2.6181181636e-06	0.00132752	-0.0001130499999999	1.7623093504e-06	1.2780302499999991e-08	-0.000596396	-0.000173049	2.9945956401e-08	3.55688188816e-07	0.0	0.0	0.0	0.0	0.0	0.0	0.0	0.0	0.0	0.0
269.9922260173294	-0.5763745193798968	0.332207586590407	72895.8021097927	318.0854817403983	-0.1714429468460707	101178.37369402124	0.0293926840232646	189.44878448775123	-0.2635704693065861	35890.84194388641	0.069469392290494	192.5526962985469	284.3872038469476	1.07394	22.587397	0.1026759999999999	0.0655143	0.0443813637	0.0323605993	-0.1341602798	-0.0514333547	0.0041171729	0.0424349918	0.1129636395	0.059969225	0.0027397056	0.0527770626	-0.0248935672	-0.0594257624	0.0664954367	0.0359136419	0.0339326824	0.1098102733	-0.0458606439	-0.0602942805	0.0298768593	-0.0644040233	0.0367722147	-0.0887254754	-0.1043649072	-0.0489820998	-0.0270483137	-0.0557844033	-0.0022879081	0.0262209795	0.0683136237	0.0547690516	-0.0595218677	-0.0313785631	-0.1624716809	-0.0549259322	0.0723497561	0.1248109847	-0.0908025057	-0.003448678	0.0420134353	-0.0880668018	-0.0465660766	-0.089100831	-0.1220240789	0.003853363	-0.0184203851	-0.0330379296	0.045982645	0.0798213806	-0.0692466193	-0.0104341233	0.0654659281	-0.0285316133	0.0952293303	-0.0033711922	-0.0566550043	-0.1670468327	-0.127657789	-0.0046717734	0.0296237841	-0.1435493294	-0.2068819501	0.1242708387	-0.0116308621	0.0103618647	-0.0365211696	0.0032345394	-0.0796532682	0.1127820997	-0.0180370731	0.0599639527	-0.0186483836	-0.0079279312	0.0704041463	0.0277815865	0.0540338385	-0.0429918322	0.0346408757	-0.0174872444	-0.1108219477	-0.1378195493	-0.0330541977	0.0354881478	0.1166189435	-0.1076320002	-0.0451154215	-0.0303782778	-0.0178969115	0.1073614151	-0.0368817438	-0.1786581095	0.0321943649	-0.0745249548	0.0076147792	-0.0715297867	-0.0352573289	0.0002498675	0.0297487098	0.0059468944	0.0531943799	-0.1244194723	-0.0572007805	-0.1135814092	-0.1479199606	-0.0527287787	-0.079148668	-0.1504120171	0.0523336638	-0.1014688625	0.078224667	0.0577565587	-0.0223961951	-0.0304045799	-0.0670239068	0.1034434282	-0.0613520138	-0.0290338271	-0.068195088	-0.0043273421	-0.0447106805	-0.0757016838	0.1042934142	0.0606461717	-0.1678293817	-0.0646087462	-0.0710115461	0.0414753613	0.0958814173	0.0724277008	-0.005115411	0.0122470156	-0.0457394187	-0.0845154255	0.1104247249	-0.052231	0.00107	0.002728077361	1.1449000000000032e-06	0.0451145	0.0120852	0.00014605205904	0.00203531811025	0.0141961	0.033649	0.0002015292552099	0.0011322552009999	0.000720273	-0.0008977869999999	8.060214973689999e-07	5.18793194529e-07	0.00137412	4.659999999999994e-05	1.8882057744e-06	2.171559999999994e-09	-0.000423347	0.000173049	2.9945956401e-08	1.7922268240900002e-07	0.0	0.0	0.0	0.0	0.0	0.0	0.0	0.0	0.0	0.0
269.73841766453165	-0.2538083527977619	0.0644186799499131	72758.81396416533	317.084191887664	-1.00128985273426	100542.38474505294	1.002581369188596	189.26339699197283	-0.1853874957784	35820.63344094111	0.0343685235909863	192.3815958007308	280.0975900503201	1.166645	24.537176	0.06834875	0.0362099	0.0948579601	-0.0562691233	0.0494192972	0.0439201709	-0.1418312421	0.0825636175	0.0371660948	-0.0956808168	-0.0512350324	-0.0256889521	0.0748392161	0.0653533756	-0.0329050495	-0.0696753848	0.066750316	0.00012723	0.066768696	-0.089107269	0.0479745006	-0.0475493995	0.0347294504	0.0335131485	0.092094183	0.026506556	-0.1209227617	0.067253346	-0.0710856652	-0.0468712408	0.0299808132	0.1179206584	-0.1449361982	0.0871073748	0.1423252347	0.0585295862	0.0548503577	-0.0467597267	0.1513241756	-0.1476759477	-0.0145904739	-0.0049415697	0.0498983219	0.0251260171	-0.018492699	-0.0614871581	0.0196055233	0.0480913536	0.1061721711	0.01102519	-0.0061887665	-0.0236768281	0.1170502317	0.0162224833	0.0071089046	-0.0010704307	0.0486501717	0.0024478839	0.0515365238	-0.1129725541	-0.0038428683	-0.010664107	0.0595379201	0.0234398723	0.1005708174	-0.0234878534	-0.0631485342	0.0328917487	-0.0457823489	-0.0899439668	-0.0081984802	-0.1205086813	0.0122016634	-0.0651105353	0.0421699007	0.0031771243	0.0051437247	-0.0085908837	0.1997700113	0.0474040954	0.1421118737	0.0178565945	0.0850403013	-0.0319962113	0.0748461022	0.1213494052	-0.1133742077	0.1277578266	-0.0905117293	0.1023726425	0.0031860974	-0.0178166978	0.0623938567	0.0058990524	0.0401715405	0.0169681803	0.0480892007	-0.0215513761	-0.002279487	-0.0084427097	0.0363137077	-0.0875884176	-0.0514341737	-0.0841017235	-0.0371539476	-0.0749089875	0.1119330747	-0.1397648692	0.0646204943	0.0135737457	-0.1492314151	0.0680439479	0.0219243987	0.0199599523	0.0033595218	0.0417824723	-0.0585077726	0.0446757754	-0.0455839415	-0.120971341	-0.0750404886	-0.0300108878	0.0942666346	0.1852821131	0.0098038243	-0.053047267	0.074001759	0.1452746965	0.1520672488	0.0298270078	-0.0506179924	0.0324982042	-0.0482056202	-0.0806385538	0.1132514443	-0.0522665	-3.550000000000081e-05	0.00273178702225	1.2602500000000574e-09	0.01805	-0.0270645	0.00073248716025	0.0003258025	0.031139	0.0169429	0.000969637321	0.00028706186041	0.0010702	0.000349927	1.224489053290001e-07	1.14532804e-06	0.00151031	0.00013619	2.2810362961e-06	1.85477161e-08	-0.000423347	0.0	0.0	1.7922268240900002e-07	0.0	0.0	0.0	0.0	0.0	0.0	0.0	0.0	0.0	0.0
269.4741140156068	-0.2643036489248516	0.0698564188349912	72616.29812449626	316.60219520777764	-0.4819966798863788	100236.95001038372	0.2323207994214923	189.1506532596868	-0.1127437322860203	35777.969628566265	0.0127111491697818	192.23008876367464	278.39303074691253	1.070303	22.510897	0.0910290999999999	0.0589756	0.0921432945	-0.1375371606	-0.0301869897	0.0007633194	0.0597532042	0.0843428665	-0.0977953146	0.0502474919	-0.0284773907	-0.0484315945	0.0229527158	-0.0270773821	0.0010706744	0.0547780546	0.0767608758	-0.0187864495	0.0367912889	0.1328857375	0.0771068432	-0.0524430462	0.0987467139	-0.0089286092	-0.1003741723	0.1024300953	-0.005695863	-0.0418091658	-0.1390880037	0.0910483803	-0.0585757013	-0.0165058089	0.0443858407	-0.0430821515	0.2710019639	-0.0258346834	-0.0371472008	-0.0456011757	-0.0350801941	0.0421928009	0.0450150055	-0.0062367002	0.0710669203	0.1289679687	-0.1257427573	-0.0355684371	-0.0160124337	-0.0465810075	-0.0056486306	0.0271827568	-0.1149303181	-0.0848980851	-0.0871249792	-0.0599379514	0.0625748643	0.071591786	-0.0250252232	-0.0145169676	-0.0687042263	0.0012664279	-0.0885817434	0.211565257	-0.0496583787	-0.0855301911	-0.0876458835	-0.0628228767	-0.0682817712	-0.0204210421	-0.1067095999	0.0247512746	0.0681658421	0.0013829741	0.0797664647	0.0356694092	0.1462336549	-0.0185057674	-0.0758452069	-0.0650708405	-0.061213279	0.0916152109	0.1353813407	0.1502239205	0.0229187626	0.0884229394	-0.1483200216	0.02007575	-0.071979673	-0.1058695739	-0.1166709107	0.0448436767	-0.0504345741	-0.0400385466	0.0969565271	0.0405602996	-0.0220001025	0.0423456345	-0.0272106479	0.097046928	-0.0492511257	0.1045832009	-0.1098048177	0.0468143582	0.0497470296	-0.0012089848	-0.0054862914	0.0238652025	-0.0808794547	0.0380023491	0.033776042	0.071457785	0.0739471671	0.0559501453	-0.0809169401	-0.0024102268	0.0678933558	-0.031146283	-0.0300550146	0.0046381321	-0.001570522	-0.0941071957	-0.0115244383	0.0208147288	0.1431863924	-0.0189690824	-0.2129900516	-0.0233924844	-0.0323161509	0.0072985334	0.1749115766	0.0530053739	0.0463773408	0.0536418083	-0.0506475487	-0.0765992869	0.1155651064	-0.0523917	-0.0001251999999999	0.00274489022889	1.567503999999973e-08	0.0372397	0.0191897	0.00036824458609	0.00138679525609	-0.0083002	-0.0394392	6.889332004000001e-05	0.00155545049664	0.00169674	0.0006265399999999	3.925523715999999e-07	2.8789266276e-06	0.00152927	1.895999999999994e-05	2.3386667329e-06	3.594815999999977e-10	-0.000423347	0.0	0.0	1.7922268240900002e-07	0.0	0.0	0.0	0.0	0.0	0.0	0.0	0.0	0.0	0.0
269.8611531111171	0.3870390955103175	0.1497992614534447	72825.04195846179	316.91098104480795	0.3087858370303138	100432.56990678262	0.0953486931505115	189.3490827895833	0.1984295298964866	35853.07515325647	0.0393742783349406	192.40551445037192	278.7946598430138	1.05978	22.289568	0.0678482999999999	0.0461515	0.0475675968	-0.0750926493	-0.1829473206	0.0199266719	-0.0119609889	0.0531630433	0.0987217704	0.1398641681	-0.0477156002	-0.0503705275	0.0127758626	-0.0614452469	-0.0241921865	0.0417389854	-0.0734056068	0.1597046924	-0.0689253542	-0.0373012987	-0.0025216849	0.0486305217	0.0291859448	0.0130900877	-0.1270513066	-0.0354794861	-0.1099224365	-0.0683859726	0.0589894209	0.003678727	0.0981508034	0.0385108734	-0.0569657247	-0.0486010495	0.0850621127	0.1255002678	-0.0476598666	-0.0605962805	-0.064161882	-0.1041505602	0.1085196006	0.2383035196	0.0247113975	0.1485141465	0.0399651251	0.0156130909	0.0552329814	0.159336777	0.0037136307	0.0577510991	-0.1087445664	0.1330039141	-0.0971917536	-0.0751453594	0.0652018788	0.0275848557	0.0906980866	-0.0656956735	-0.0368436186	-0.1450749605	-0.0226677486	-0.0513765046	0.0335033962	0.1520299796	-0.0755419351	-0.0012565651	-0.0084060621	-0.0482340583	-0.0052801599	0.1406609986	0.0803128701	-0.0778074061	-0.058409818	0.0467173723	-0.0283122925	0.01456767	0.1016629824	-0.031500912	0.1049402261	0.0473236182	-0.0667020074	0.0685882224	0.0158370576	-0.0482360537	-0.0128792808	0.0977968134	-0.1969088671	-0.022098735	-0.1513002098	-0.1772584567	0.0466149245	-0.0294533811	-0.0255531413	0.1509039589	0.0253336773	0.0007962049	0.0928020798	-0.0728740579	-0.0441520919	0.0333514516	-0.22342939	0.0183164032	0.0629868434	-0.0054728262	-0.0611420122	-0.1774272195	-0.0774428004	0.0784082439	0.0436737388	-0.0974972779	0.0571490977	0.0319115578	-0.0541190584	-0.0998795844	-0.0863522903	0.1046781185	0.0002871625	0.0534156727	0.0864412508	-0.0029176206	-0.0079359968	-0.0580878279	0.0504880729	0.1872971203	-0.1166581489	-0.0734196825	-0.0082957712	0.0397819284	0.172274019	-0.0067981931	-0.0263329732	-0.0461509237	-0.0530639746	-0.0724057592	0.1173552296	-0.057086	-0.0046942999999999	0.0032588113959999	2.2036452489999985e-05	0.0431634	0.0059236999999999	3.5090221689999967e-05	0.0018630790995599	0.0154421	0.0237423	0.00023845845241	0.00056369680929	0.00104799	-0.00064875	4.208765625e-07	1.0982830401e-06	0.00150826	-2.100999999999991e-05	2.2748482276e-06	4.414200999999961e-10	-0.000423347	0.0	0.0	1.7922268240900002e-07	0.0	0.0	0.0	0.0	0.0	0.0	0.0	0.0	0.0	0.0
270.0299633179567	0.1688102068395665	0.0284968859332172	72916.18108949703	317.7742265325047	0.8632454876967586	100980.45904833164	0.7451927720288145	189.43376229308583	0.0846795035025422	35885.15029651335	0.007170618313437	192.55650615816583	283.2416886884614	1.153113	24.252565	0.05239845	0.0301065	0.0498858567	-0.000327274	0.0569850505	0.1248805052	-0.0668706825	0.0499677863	0.0437613193	-0.0950778097	-0.036204126	-0.0065961513	0.0630120539	0.1301618171	-0.0369808186	-0.0503720399	-0.0070577168	-0.0491752611	0.0495464417	-0.0771771336	0.0224451045	-0.0109981591	-0.0334125325	0.0882016268	0.0925071428	0.0131629839	0.0407073313	0.0724712304	-0.0261649447	-0.0297688653	-0.0708595549	0.0295651885	-0.057708919	0.0256849539	0.025686996	-0.0878219575	-0.1048186846	0.0446973969	0.015290549	-0.0977850055	-0.1238670309	0.0428401072	-0.1679282485	-0.0112503081	0.022068044	0.0555143679	-0.0478466281	0.0278055716	-0.0016971449	0.0224297779	0.0281267081	-0.0058932734	-0.1139734555	0.0750779962	0.0153801146	0.0303480417	-0.1809514335	0.0794013201	0.1283996546	0.0309658121	0.0209321143	0.1349157275	-0.0642627825	-0.0033269975	0.1124651002	0.010180533	-0.024962565	0.0352461651	0.0287095525	-0.1303252874	0.0092935637	-0.0216582909	0.0138630492	-0.0601493454	-0.0431381331	-0.0656077659	0.0113641645	0.096438794	0.0523361536	-0.0014657659	0.123904352	0.040212088	-0.0949464694	0.0694068039	0.1042563369	-0.0254803471	0.02282866	-0.0350781836	0.0510378152	-0.0414669164	0.0203285744	-0.0411962925	-0.1499693154	0.0314795817	0.0174516859	0.0703319824	-0.0620989878	-0.0299250082	0.019579825	0.0529194739	-0.0052085916	0.1251151677	-0.0028109715	-0.0417163427	0.1649305657	0.0579784743	-0.0594102698	-0.0393504714	0.0357209651	0.0231033491	-0.1332586587	0.0472476036	-0.0038097552	0.0476033511	-0.0102431297	0.0027711627	-0.0331994077	0.0175767462	0.0559090939	-0.0916371652	0.0728600899	-0.0042349754	0.0332097907	0.1736843691	0.0099292024	-0.0958011159	0.0571165392	0.1077553916	0.0558475673	0.0886592666	-0.0043404674	-0.0348254942	-0.0554536812	-0.0680664159	0.1186137044	-0.057287	-0.0002009999999999	0.003281800369	4.040099999999991e-08	0.0268606	-0.0163028	0.0002657812878399	0.0007214918323599	0.0142748	-0.0011672999999999	0.00020376991504	1.362589289999999e-06	0.00142737	0.00037938	1.4392918440000008e-07	2.0373851169e-06	0.00145266	-5.560000000000005e-05	2.1102210756e-06	3.0913600000000053e-09	-0.000682914	-0.0002595669999999	6.737502748899998e-08	4.66371531396e-07	0.0	0.0	0.0	0.0	0.0	0.0	0.0	0.0	0.0	0.0
269.8321788597473	-0.1977844582094121	0.0391186919091907	72809.40474819865	316.9275018714263	-0.84672466107844	100443.0414424629	0.7169426516783991	189.67145672676148	0.2376944336756423	35975.26149685175	0.0564986438003843	192.7640383116004	280.67222420778654	0.9918880000000002	20.861652	0.0645444199999999	0.0354918	0.0640842635	-0.0656603777	-0.0396634341	0.1729783354	0.110126089	0.0639842512	-0.0588257944	0.0821054947	-0.0227037	-0.0797637918	0.0255289965	0.0226124858	-0.003484985	0.0605864333	0.0491310207	-0.0221123055	-0.0598065663	0.1224000734	0.1037907158	0.0859257376	0.0239684027	-0.0013073088	-0.0113534487	-0.023044564	0.0178689603	0.0470892503	-0.1970094136	-0.0770439608	-0.0618983288	-0.0400795831	-0.1292710564	0.0166221589	-0.0547653601	-0.08386463	-0.0325260325	0.0305152503	-0.0739989047	0.0577869776	-0.0129484703	0.0826633088	-0.1173704912	0.0644569916	0.0698189001	-0.065580197	-0.0741959991	-0.086020329	0.1066825954	0.0956477308	-0.0278055854	-0.001379114	0.0005756902	-0.0438429185	-0.1436361741	0.0069031016	0.1288187234	-0.0466559476	0.0459382548	-0.0883772454	-0.0513408682	-0.1187953651	-0.0642548497	-0.0627664533	-0.1171205967	0.0342610164	-0.0877724919	-0.089235898	0.0415572856	-0.0543610374	0.0080399531	-0.001574233	-0.0065970477	-0.1145359017	0.1415266617	-0.0106719553	-0.0985361611	0.1023759954	0.0807028072	0.0518526076	-0.014602749	-0.0420598583	0.0105234478	0.0189768062	0.022071414	-0.0486434759	0.0096159445	-0.0727524528	0.0575021931	-0.1094389091	0.0874829243	0.0506272667	-0.0323987001	0.050451158	0.0707372124	0.156144337	-0.1694743193	-0.020000262	-0.1321574804	-0.036354061	-0.0960318349	-0.0783872265	-0.0754914089	0.0865901808	-0.0121970948	-0.0534999443	0.003028638	0.0704489085	0.0255910576	0.0538618251	0.0538686601	0.0419036661	-0.1054368131	-0.0532744102	0.0962700089	0.0226213484	-0.0027374132	0.0252705124	0.0447015889	-0.0209691521	0.0397038083	0.1269267898	0.0520786329	0.0631215017	-0.0231018377	-0.0114864475	0.0332053581	0.1497146612	0.0047305358	0.0895380218	0.0297037591	0.0073846771	-0.0578154653	-0.0635899959	0.1193348294	-0.0578278	-0.0005408	0.00334405445284	2.924646400000011e-07	0.0392457	0.0123851	0.00015339070201	0.00154022496849	-0.00452487	-0.01879967	2.04744485169e-05	0.0003534275921089	0.00182418	0.0003968099999999	1.574581760999999e-07	3.3276326723999995e-06	0.00145266	0.0	2.1102210756e-06	0.0	-0.000423347	0.0002595669999999	6.737502748899998e-08	1.7922268240900002e-07	0.0	0.0	0.0	0.0	0.0	0.0	0.0	0.0	0.0	0.0
270.48572934778844	0.6535504880411622	0.4271282404188413	73162.52978080505	317.40972164823364	0.4822197768073692	100748.93139680916	0.232535913144149	189.34227192544685	-0.329184801314625	35850.49593788986	0.1083626334165491	192.41813495149816	283.4732396389805	1.140634	23.990118	0.06753627	0.047048	0.0302654175	0.0634364423	-0.1710229901	0.1366076354	-0.0722357107	0.0571365648	0.1361787307	0.0534803785	-0.0428001808	0.0703559227	0.0826733291	-0.0149613384	0.0320413071	0.028431885	-0.1582747579	0.1072846778	-0.0065706133	-0.1003126321	0.0480950457	-0.083264402	-0.0146258805	-0.1483309595	-0.0402701521	0.0205866464	-0.0609144006	0.0436273659	-0.0129912411	0.0858761388	-0.1145685195	-0.1095475301	-0.0262525744	-0.0856784176	-0.0596690997	-0.076745269	-0.0240856395	-0.0831741876	-0.038782085	0.28602599	-0.2001349481	0.1311274719	-0.1126349518	-0.0414830517	0.1107008065	-0.0021589998	0.2025406679	0.0083575414	-0.0464737931	-0.011004293	0.1321916805	0.1094726609	-0.1644422193	0.0016070763	-0.1083106996	-0.0433177033	-0.0044382894	0.0736967537	0.0337638469	0.0357244268	0.1896441234	0.0249819405	0.0090062445	0.131951578	0.032368593	-0.0120421854	-0.0641367462	0.0752958634	-0.0511867441	0.1308740327	-0.1126111144	-0.0367689031	0.0480501231	0.0156631418	0.0107213462	-0.0934541552	-0.1214900936	0.0738603332	-0.0433957449	0.0550958268	-0.0502568436	-0.0172540599	-0.0316246818	0.0946013788	-0.017777244	0.0633282238	0.239940612	-0.2490248086	0.257270881	-0.1229561217	0.1624355936	0.0660576689	0.0006307477	0.1120404709	0.0224344207	-0.0427557634	0.0234868353	-0.0444748639	0.1401338615	0.033538538	-0.0392657929	0.0115571445	0.0609510722	0.0377766921	0.0875407587	0.110365363	-0.0361319251	-0.0059312079	0.0600729883	-0.1414982739	0.0290835283	-0.011986806	0.0412699544	-0.0301746914	-0.1183065245	0.0311755557	-0.0486308806	0.0707240274	0.0198439485	0.0879656044	0.0753420905	0.1204408342	0.0503050736	-0.0778213298	-0.092516193	0.0049176988	-0.0391495486	0.1515827896	-0.0788613834	0.0724500622	0.0288613476	0.0409552781	-0.0601481375	-0.0589855141	0.1195153378	-0.0475086	0.0103192	0.0022570670739599	0.00010648588864	0.0392373	-8.399999999998686e-06	7.055999999997791e-11	0.00153956571129	0.0205673	0.02509217	0.00042301382929	0.0006296169953089	0.00118185	-0.00064233	4.125878289e-07	1.3967694225e-06	0.00145266	0.0	2.1102210756e-06	0.0	-0.000423347	0.0	0.0	1.7922268240900002e-07	0.0	0.0	0.0	0.0	0.0	0.0	0.0	0.0	0.0	0.0
271.12329994085525	0.6375705930668119	0.4064962611435662	73507.84377081896	318.64691421371447	1.2371925654808251	101535.8559379223	1.5306454440810258	189.73940341439496	0.397131488948105	36001.04120805051	0.1577134195141388	192.7953996148095	290.3162944936483	1.282238	26.96837	0.08830365	0.0494917	0.0523385362	0.1219597286	0.1526031078	0.1238208908	-0.0027528111	0.0319252093	-0.0547386396	-0.1440508416	0.0226716049	0.0570745016	-0.0165561625	0.1095059442	-0.070979604	0.0463414723	-0.0777092702	-0.086918561	0.0400542787	-0.0295241064	0.0407049342	0.0171725598	-0.054187836	-0.0195645951	-0.0237124606	0.0431423802	-0.016349516	-0.098855963	-0.01013007	0.002076388	0.0533833761	-0.0687294332	-0.1843829444	0.0098559107	-0.0807063243	-0.0338511294	-0.1002102253	0.1414548521	0.1647269146	0.0225200891	-0.0734244491	-0.1709374401	0.0059175564	-0.1340256683	-0.1211428436	-0.1349621259	-0.0085118583	-0.0437951503	0.0434061189	-0.1884901662	0.077311461	0.0403621954	0.0735296813	-0.0055299854	0.0705571696	-0.1155028002	-0.1083012452	0.0634584026	0.0335391772	0.0111384619	-0.0133668226	0.0738661943	0.1131076249	-0.0770597436	0.0799564799	0.0024834435	-0.0419252698	0.014100958	0.055239147	0.0317554634	0.0058341005	-0.0355012094	0.0487279195	0.0512456925	0.0570129132	-0.0375653262	0.1822455044	0.159124037	0.1024912602	0.0616227143	0.023744672	-0.0060129534	-0.0593017787	-0.0510586039	0.0884324035	-0.1284867443	0.158650754	0.0479804817	0.0412308971	0.1897036661	0.0102807323	-0.045306245	0.1188913612	-0.1367960368	-0.0187077408	0.0751827471	0.0188785051	0.0605945633	0.1421631769	-0.1159327604	0.1081233565	-0.0072478347	0.1008035893	-0.0243636416	0.0746234663	0.0214894746	0.0300198824	0.0666791679	0.0519791593	0.1029119101	-0.0728212326	-0.0464967364	0.0184099895	0.0907105281	0.0330984947	-0.0655011902	-0.0702031966	0.0170948586	-0.0383253524	0.1103312634	0.0753136736	0.0212617015	0.0984856968	0.1252986235	0.0395782841	-0.0861488915	0.0901393917	0.031106144	-0.126827384	-0.157553038	-0.0013808724	0.0749708303	-0.0624505233	-0.0542622434	0.1191544118	-0.040242	0.0072665999999999	0.001619418564	5.280347555999997e-05	0.0212738	-0.0179635	0.00032268733225	0.0004525745664399	-0.010415	-0.0309823	0.000108472225	0.00095990291329	0.0016703	0.00048845	2.385834025000001e-07	2.78990209e-06	0.00145266	0.0	2.1102210756e-06	0.0	-0.000269972	0.000153375	2.3523890625000013e-08	7.288488078399999e-08	0.0	0.0	0.0	0.0	0.0	0.0	0.0	0.0	0.0	0.0
270.77759909708857	-0.3457008437666786	0.1195090733809935	73320.50817278362	318.87811957314824	0.2312053594337726	101683.25514250704	0.0534559182308999	189.5247467892788	-0.214656625116163	35919.62964554024	0.0460774667062609	192.62392416908824	290.8199308233746	1.106062	23.262989	0.0650534	0.0463069	0.065904832	0.1482311208	0.0108882419	-0.021535562	0.1238649916	0.0688286307	-0.049475804	0.0706590903	0.1101582605	0.0252647462	-0.093915403	0.0765609512	0.0787501185	0.0928185103	-0.0229983775	0.0147852102	-0.0463213078	0.1392701377	0.0633638276	0.0078505684	0.0268587954	0.0762504036	0.0251494733	-0.0111512374	-0.043866773	0.0944937885	-0.0273546711	-0.20970973	-0.0629132344	-0.1447632657	0.097773564	-0.0375234973	0.0072699594	-0.0021602795	-0.0577110982	0.0034989825	0.0953359927	0.0600275101	0.0817804679	0.10768161	0.0434103128	-0.2354333027	0.0832790741	-0.036535727	0.0951234764	0.0510669384	-0.0436415181	-0.0520720407	0.0980882016	0.0479695628	-0.0276413086	-0.0363950213	-0.0033247306	0.0238353893	-0.0010065993	-0.0706049772	-0.1475455548	0.0689041095	0.0537678827	-0.0756801738	0.1556623224	-0.0327970611	-0.1273419447	0.0102055494	-0.054776927	0.0072619338	-0.0074980805	-0.0689690406	0.0830517196	-0.0566242768	0.0019410121	-0.1190523474	-0.0393057562	0.0983293583	-0.0842709568	0.1578967833	-0.1610821437	0.0547772923	0.0659998278	-0.0176832773	-0.052516171	-0.0694185962	-0.0378818052	-0.0204531271	0.1141390611	0.0570329631	-0.0266746519	-0.0879235705	0.1449860758	0.0631064841	-0.064037622	-0.1178170917	0.0013859731	-0.0918056972	0.1377079917	0.08419885	0.0835297775	0.0088984916	-0.0304400197	-0.0462440098	-0.0253902629	0.0055474629	-0.0792592755	-0.0474206743	0.0243196389	0.1249936517	0.0556657371	0.0177182933	0.1359264603	0.0050795561	-0.0753315433	-0.022572411	0.0835761759	-0.0062966441	0.0030681486	-0.0604476835	-0.1110170671	0.108689739	0.0022139701	0.0722463009	-0.1158911872	0.0715378972	-0.0208933648	0.0204700089	-0.0353233185	0.1086871409	0.0243327284	0.0284798451	0.1740678174	-0.0554027067	-0.0647214634	-0.0494296957	0.1182536866	-0.0428456	-0.0026035999999999	0.0018357454393599	6.778732959999987e-06	0.0633571	0.0420833	0.00177100413889	0.00401412212041	-0.0104154	-3.999999999993592e-07	0.00010848055716	1.5999999999948738e-13	0.00134926	-0.00032104	1.0306668160000005e-07	1.8205025476e-06	0.00145266	0.0	2.1102210756e-06	0.0	-0.000356254	-8.628200000000003e-05	7.4445835240000055e-09	1.2691691251600005e-07	0.0	0.0	0.0	0.0	0.0	0.0	0.0	0.0	0.0	0.0
270.3116586675187	-0.465940429569855	0.217100483907741	73068.39281158514	317.8574344410616	-1.0206851320866122	101033.3486294538	1.041798138862665	189.4924557233005	-0.0322910659782849	35907.390776047	0.0010427129420139	192.56452675330323	286.926143662943	1.162237	24.444477	0.0488762	0.0315152	0.0344029622	0.138243101	-0.0670192731	-0.0202320969	-0.1329098607	0.0502421455	0.12986274	0.0323147118	-0.0022053024	0.0906119717	0.0136770963	0.0415094814	0.1183302239	-0.1169375957	-0.0092801174	0.0820866968	-0.032582696	-0.1118359744	0.0340652077	-0.0560746655	-0.0127823111	-0.1323827526	0.1735703657	0.0304117494	0.0129084588	-0.1641403988	0.125909288	-0.0598797203	-0.0836915695	0.0248797368	-0.0172530417	-0.042943119	0.0053109351	-0.0017374346	-0.0550373514	0.0348655178	-0.008775296	-0.0385757295	0.0636705993	-0.0854946442	0.1307167141	-0.0480981344	-0.1459867879	0.0783569158	0.1223001664	0.0027978917	0.070340203	0.0188020675	-0.0396037617	-0.0105851242	-0.1413016118	0.2263971019	0.0163297684	-0.0466388712	0.1372267086	-0.033601356	-0.0620715681	-0.0091328668	-0.0114497905	0.1137190011	-0.0772082988	0.123467452	0.0395977867	0.0254721865	-0.034357548	0.0388572629	-0.030401283	-0.026951442	-0.2162588021	-0.0004440241	0.0078874502	0.1708862921	-0.0166370154	0.1342765822	-0.0505658423	0.0254271128	0.0035348799	-0.0301862489	-0.0582410809	0.0176429968	0.0150875978	-0.0454353402	-0.0420530767	-0.1855757714	-0.0714467626	0.06349222	-0.0745108884	0.1272456938	0.042698011	0.0129593248	0.0904619356	0.119076022	0.0559552108	0.0192492725	0.0567986243	-0.1343079096	0.0519778048	0.2189204206	0.1102909107	0.0650425061	-0.0188371011	0.0199708228	-0.0944207715	0.0399713836	-0.0216881983	-0.09140666	0.0762061905	-0.122569975	-0.0824339767	-0.0815624134	0.0775997335	-0.0215284996	0.0088579655	0.0247437592	0.0098837664	-0.0355615449	-0.0804083738	0.0097264937	0.0444711478	-0.0444740045	-0.0481747236	-0.1054227848	-0.0616435456	-0.0250747057	0.0093768875	0.0509310914	-0.0881991265	0.0230202366	0.1264925106	0.0770564376	-0.0669598143	-0.0444976032	0.1168172427	-0.0393428	0.0035028	0.0015478559118399	1.2269607840000003e-05	0.0355797	-0.0277774	0.00077158395076	0.00126591505209	0.0035989	0.0140143	1.295208121e-05	0.00019640060449	0.00134926	0.0	0.0	1.8205025476e-06	0.00145266	0.0	2.1102210756e-06	0.0	-0.00028462	7.1634e-05	5.1314299559999996e-09	8.100854440000001e-08	0.0	0.0	0.0	0.0	0.0	0.0	0.0	0.0	0.0	0.0
269.9615381346511	-0.3501205328676064	0.1225843875354967	72879.23207202669	317.0628678755151	-0.7945665655465177	100528.86218544636	0.6313360270843886	189.3546617322409	-0.1377939910595955	35855.18791973138	0.0189871839721319	192.44408396338835	283.8521573416931	1.160239	24.402462	0.0797197499999999	0.0436377	0.0737486054	-0.0080185486	0.0663282793	0.1101732277	-0.0172546854	0.0573552837	-0.013951365	-0.1216364055	-0.0655754679	0.0033363504	0.0261775525	-0.0143077115	-0.0218458391	0.0958585856	0.0564496545	-0.0294951722	0.0591889101	-0.08510669	0.0556124436	0.0043528037	0.08559511	0.0057414725	-0.0528618727	-0.0171003353	0.0516051214	-0.104770324	-0.0419065146	-0.0513683363	0.0670441698	0.0149550339	-0.1810139434	-0.164703279	-0.0411968297	0.0331281007	0.0274125977	-0.0243965257	0.1740059427	0.0634067074	-0.0702780247	-0.0838366406	0.0209631279	0.1571904984	0.036549701	0.0988151267	-0.1681618215	-0.0593342838	-0.1031767058	0.1297045252	-0.0931254044	-0.116275422	0.0361864342	-0.0326672645	0.062090572	0.0125130796	-0.0791588778	0.005881205	0.0073003406	-0.0436614901	0.1074678162	-0.1578102596	0.1105114226	-0.0228394834	0.0947029049	-0.0198046877	-0.0691696931	-0.0663941001	-0.0726556253	0.0166847084	0.039189442	0.0549249008	-0.020665417	0.0743958076	0.0369393255	0.0247901905	0.0313597641	0.0664213473	0.1444089975	0.1560751057	-0.1555090418	0.0199510693	-0.0561771066	0.0178445309	-0.0253260242	0.1154375982	0.0922789807	0.0829614302	-0.0681848436	0.1771345781	-0.0997854752	0.063728388	-0.0805058826	0.0498583732	-0.111416286	-0.0058815791	-0.0914233359	-0.0253221117	-0.2003473725	-0.0576144477	-0.0156488643	0.0026329852	0.0227011393	-0.0886462694	0.0444648921	-0.0520371118	-0.1227638911	0.030886354	0.0597021852	0.1061043428	0.0101162166	-0.0908688536	0.0167351149	0.1201731837	-0.048691015	0.0311803582	0.0274189592	0.019640283	-0.0233173255	-0.0008255475	0.0102672659	0.0829633862	0.0415951337	0.0439147815	-0.0361757024	0.0322136926	0.0710085185	-0.0158263358	-0.0017297153	0.0063618121	-0.0013912595	0.023381393	-0.0691644489	-0.0394758984	0.1148515874	-0.0332442	0.0060985999999999	0.00110517683364	3.719292195999995e-05	0.0230822	-0.0124974999999999	0.0001561875062499	0.00053278795684	-0.0103939	-0.0139928	0.0001080331572099	0.00019579845184	0.00199325	0.0006439899999999	4.1472312009999995e-07	3.973045562499999e-06	0.00159903	0.00014637	2.5568969409e-06	2.1424176900000012e-08	-0.000132363	0.000152257	2.3182194049000003e-08	1.7519963769000003e-08	0.0	0.0	0.0	0.0	0.0	0.0	0.0	0.0	0.0	0.0
270.586550926189	0.6250127915378698	0.3906409895859607	73217.08154213105	317.58655562603934	0.5236877505242319	100861.2203144114	0.2742488600491301	189.5999102462235	0.2452485139825739	35948.125965376	0.0601468336106607	192.6847928210205	284.4203397648483	0.891379	18.747725	0.0988215	0.0463676	0.0363458293	0.0060853636	0.0080470928	0.0690634853	0.0204052782	0.0424764172	-0.1046943087	-0.0161702879	-0.0029345259	0.0266946308	0.0856338509	0.007495695	0.0220079554	0.0523011718	-0.0872427791	-0.100161118	0.0308824002	0.0055312277	0.0605593689	-0.0223998705	-0.028404517	0.0562873434	-0.0944256262	-0.0579788222	-0.0079919784	0.1131395476	-0.032102051	0.0285134033	-0.0970297255	-0.1256861926	-0.0378847637	-0.0161300266	0.0053222081	0.0332642201	0.0066292611	0.0320345346	0.0506972924	-0.0247923091	0.1614769182	-0.2205649953	-0.0832263969	-0.0809021727	0.0498219265	0.0606290327	-0.0628419625	0.0505302246	-0.04443863	-0.111542858	-0.0158231886	0.1934698987	0.0527298879	0.0478858914	-0.0241838164	-0.0123307376	-0.0023050173	-0.0305749736	0.0672981756	-0.054898218	-0.1079974267	0.007384563	0.043811059	-0.1087760261	0.0351616907	0.0055776169	-0.0534796441	0.0365442586	-0.0185658216	0.0916074021	0.0733926389	0.0051537736	-0.0627169203	-0.0408802617	0.006238631	-0.1488845041	-0.080080538	0.0701894828	-0.0653868764	-6.96754e-05	0.0402505208	0.0295499251	0.005087773	-0.0992032808	-0.0172499411	-0.1445354946	0.0349714212	0.1730046219	0.1144483738	0.0090683468	-0.1142171968	-0.0684397997	-0.0876939687	-0.0880679927	-0.0275768033	0.0323039558	0.0490714107	-0.191295757	0.0668716269	-0.0491230443	-0.0810277165	-0.0212688968	-0.0014264375	0.0760086113	0.0042801282	-0.0720095428	0.0502626425	0.1452875204	0.0437880051	0.0476075716	0.0712466307	-0.1154799976	-0.0196348446	0.041459395	-0.0794468285	-0.1178894551	-0.08143782	0.0116028296	-0.0132951564	0.0663598534	-0.012340971	0.032701657	0.0709979726	0.0141602524	0.0688278625	-0.0429421315	0.028286951	-0.039631708	-0.0042028643	-0.0106862922	0.0410835602	-0.0243253478	-0.0713342571	-0.0343746944	0.1123656258	-0.0375596	-0.0043153999999999	0.0014107235521599	1.862267715999997e-05	0.0469595	0.0238773	0.00057012545529	0.00220519464025	-0.032624	-0.0222301	0.001064325376	0.00049417734601	0.00134926	-0.0006439899999999	4.1472312009999995e-07	1.8205025476e-06	0.00185527	0.00025624	3.4420267729e-06	6.565893760000001e-08	-0.000200107	-6.774399999999998e-05	4.589249535999997e-09	4.0042811449e-08	0.0	0.0	0.0	0.0	0.0	0.0	0.0	0.0	0.0	0.0
270.6876226332467	0.1010717070577129	0.0102154899675601	73271.78904683897	318.68748766993895	1.1009320438996042	101561.71479737748	1.21205136528496	189.6194218186368	0.0195115724133074	35955.52513083411	0.0003807014580397	192.66608044249745	288.31069553450675	1.064692	22.392881	0.05412846	0.0383567	0.0547506487	0.1352098968	-0.014194401	-0.0725997276	0.0030901518	0.0459521721	-0.0453911481	0.0844830974	0.1204864644	0.1143902985	0.0026689621	0.1277129199	0.0427877486	-0.0757373744	-0.0135606542	0.0198177237	-0.0568026829	0.0805541474	0.1108209014	-0.0699437909	-0.0435128827	0.0236906804	0.174131225	-0.0521200562	0.0321990697	-0.0100835476	0.0833732424	0.0411666643	0.011454959	-0.0942345447	0.057973903	-0.0377933487	-0.0165834669	-0.0832070523	-0.1099696714	-0.0868273835	-0.053731941	-0.0968833949	0.0929136798	-0.069550242	0.0287081365	-0.1842369811	0.0500561281	0.0227162164	-0.0326729926	-0.0596928884	-0.0672835204	0.0067579703	0.0142879567	0.0243488544	0.0984181662	-0.0515685637	-0.0207214994	-0.0268781533	-0.0348646421	0.022109665	0.0365811773	0.0850317517	-0.217883914	0.0962244741	-0.0517451146	-0.0158320786	-0.1103547763	0.0170512093	-0.0937869229	0.070192364	-0.0054487787	-0.1155728083	-0.098307743	0.0229254494	-0.0368585398	0.0572120224	-0.0841638904	-0.0649548336	0.0695326024	0.0324155903	-0.1369331307	0.0244545268	0.026983126	-0.0039661535	-0.0251920055	0.0667873967	-0.0131489579	-0.1397320276	-0.0697356269	0.138540876	0.0589331275	-0.02154604	0.0719704154	-0.035890001	0.0013284347	-0.1290597681	-0.0791077481	-0.0716683488	-0.0285576195	-0.0539418946	-0.0254966809	-0.0185754593	0.051510427	-0.0810493584	0.013975034	0.0242663784	0.0431499472	0.0323866377	0.2418874718	-0.00426385	0.0875402654	-0.0829282643	-0.0237696947	-0.0764455175	0.048500644	-0.0643401091	0.1273671696	-0.095420868	-0.0367451871	-0.0286739656	-0.1179713351	-0.0027861168	0.0004658981	0.0196611722	-0.0764652273	0.0285480417	0.0800477297	0.0463109476	-0.071077746	-0.0601617588	-0.0422858675	-0.0162437168	0.0557183152	-0.1259331669	-0.0734681463	-0.0292042644	0.1093706198	-0.0352222	0.0023373999999999	0.00124060337284	5.463438759999983e-06	0.0504834	0.0035238999999999	1.2417871209999977e-05	0.0025485736755599	0.00114131	0.03376531	1.3025885161e-06	0.0011400961593961	0.00113073	-0.0002185299999999	4.775536089999999e-08	1.2785503328999998e-06	0.00181483	-4.0440000000000094e-05	3.2936079289e-06	1.6353936000000074e-09	-0.00016904	3.106699999999999e-05	9.651584889999995e-10	2.85745216e-08	0.0	0.0	0.0	0.0	0.0	0.0	0.0	0.0	0.0	0.0
270.239885909593	-0.4477367236536906	0.2004681737081413	73029.59593642985	318.5662380676966	-0.1212496022423579	101484.44803660434	0.01470146604393	189.6172864024697	-0.0021354161671069	35954.715302636214	4.560002206741934e-06	192.70447929053785	286.6939182259942	1.065874	22.417734	0.115743955	0.064505	0.0493962761	0.0477532915	0.0891205744	-0.1114953187	-0.0295329033	0.0468544267	0.0739542832	-0.0011081405	-0.0099067292	-0.0770374072	-0.115749437	0.0319060916	0.0696074438	0.0051718116	0.076266174	0.0640890867	-0.082386905	-0.0821197372	0.035034853	0.0334799648	0.0230902907	0.0605546283	-0.0228897581	-0.0684270013	-0.0817855685	-0.1316429249	-0.0426938084	0.1613367427	0.0580794378	0.0421156396	0.0530715263	0.01215921	-0.140625495	-0.096868125	0.0593617193	0.0745671199	0.0023307861	0.0301018226	-0.0089168697	-0.017818062	-0.0493395168	-0.046851953	-0.0164201861	-0.0904844472	0.0474680684	-0.1437890872	0.107197365	-0.0490915798	-0.0610157053	-0.0820103804	-0.0674524192	-0.0630871417	0.1228177685	-0.0374498439	-0.0647443527	0.1137877657	0.1105229061	0.10444472	-0.139142202	0.0669034389	0.0214626987	0.1010648351	0.0065084348	0.062523627	-0.0418093593	-0.0698399439	0.0080355518	-0.0021806636	0.0438252638	-0.010022506	-0.0854435037	0.1645528481	0.1237712452	-0.0618412099	0.0605371893	-0.0883176457	-0.0212014565	-0.0012199269	-0.0054330183	-0.1638030429	-0.0290084685	0.0790825042	0.0952768953	-0.0298969084	0.064428899	-0.0309254583	0.0403638181	0.0292119404	0.0003922486	-0.0357513014	0.0819979744	-0.0903571989	0.098398106	0.0256547202	-0.1555208945	0.1138360171	-0.0117854593	0.0289425792	0.0047526811	0.149057169	0.0878321227	-0.1148817321	0.0620661519	0.0577408565	0.1272461505	0.0507604475	0.0598538223	0.0747272619	-0.0166919022	-0.1226117917	0.0099911389	0.0157343489	0.0875003621	0.1090220646	0.0937217115	0.0106145253	-0.0780886652	0.0598391621	-0.0082847076	-0.0193415396	0.030783556	-0.0775726329	-0.0716109216	-0.0035323034	0.0171126729	-0.1700160932	-0.136335843	0.0007379731	0.0461625473	0.0057017115	-0.0755650422	-0.0239750208	0.1058801375	-0.0310186	0.0042036	0.00096215354596	1.7670252960000015e-05	0.014742	-0.0357414	0.00127744767396	0.000217326564	-0.0229178	-0.0240591099999999	0.0005252255568399	0.000578840773992	0.00191128	0.00078055	6.092583025000001e-07	3.6529912384e-06	0.00168185	-0.00013298	2.8286194225e-06	1.76836804e-08	-4.77731e-05	0.0001212669	1.470566103561e-08	2.2822690836099997e-09	0.0	0.0	0.0	0.0	0.0	0.0	0.0	0.0	0.0	0.0
270.0020144781555	-0.2378714314374974	0.056582817894124	72901.0878222621	317.49140876688773	-1.074829300808858	100800.794640783	1.155258025877259	189.3729620020985	-0.2443244003711981	35862.11873744824	0.0596944126167455	192.4242152304896	283.35527725866285	1.082817	22.774101	0.115593225	0.0698154	0.0707536456	0.0217384492	0.0215395276	-0.1183136961	0.0032690975	0.0773826416	0.00040478	-0.0674992699	-0.0243177601	0.0375243781	0.0286740297	-0.0885595732	0.0103341041	0.1677646472	-0.0091359055	-0.0673986305	0.0749973406	-0.0540396503	0.1031249806	-0.0599197053	-0.0149286067	0.0056460244	-0.1490889239	-0.0997545224	0.0590110206	-0.0073397398	-0.0275062773	-0.012014492	0.0905477027	0.1159595779	-0.017545665	0.0172781325	-0.0300442951	-0.0668270567	0.0572739941	-0.1332220986	-0.0841617006	-0.0850452573	-0.186155422	0.0339298689	0.0056530328	-0.0354347835	0.1027319262	0.0002658912	-0.0889021652	0.0126130281	-0.0029259515	0.0402813281	-0.0238462175	-0.0567379499	-0.004343162	-0.0765546457	0.1345758699	-0.0252440987	0.173323494	-0.0576303064	-0.0456286165	0.057759415	-0.0254492766	-0.0064458916	-0.0442623128	-0.0428655262	0.0947458651	-0.0178727653	-0.1110392077	0.03803095	-0.0396435478	0.0856514078	0.0846767114	0.1140536398	-0.0768283612	-0.0760492908	0.0149078036	0.0379137643	0.0608179619	-0.0476740621	0.0496367292	-0.0765138299	-0.0988592263	0.0633923592	0.0646702981	0.170328639	0.0917987088	0.0770661866	-0.0771510269	-0.0214691179	0.072563458	-0.0042864168	0.0860187142	0.0530506642	-0.1053308297	-0.0385718158	0.0162816137	0.0412659945	0.0123419826	0.0154737067	-0.1392272437	-0.0541068026	-0.0404523688	-0.0305853845	0.0497635194	-0.0810485161	-0.1958024706	-0.0222971648	0.0264044547	-0.0030509534	0.0860607384	0.036951625	0.1207532976	-0.0530506333	0.0244760396	0.1067197491	-0.139192682	-0.05728088	0.0164440012	0.0354076159	-0.1319811483	-0.0822316032	-0.0602667524	-0.0579457265	0.0046069336	0.0459225137	0.1484037301	-0.0679036349	-0.0193562172	-0.0076402529	-0.0986317878	-0.009306056	-0.0020285926	-0.0239600267	-0.0776238888	-0.0186974948	0.1019099918	-0.0310151	3.500000000000031e-06	0.00096193642801	1.2250000000000216e-11	0.0548964	0.0401544	0.00161237583936	0.00301361473296	0.00643348	0.02935128	4.13896649104e-05	0.0008614976376384	0.00112814	-0.00078314	6.133082596000001e-07	1.2726998595999995e-06	0.00170875	2.6900000000000058e-05	2.9198265625e-06	7.23610000000003e-10	6.38678e-05	0.0001116409	1.246369055281e-08	4.07909587684e-09	0.0	0.0	0.0	0.0	0.0	0.0	0.0	0.0	0.0	0.0
270.11095945899075	0.1089449808352469	0.0118690088491923	72959.93041985654	318.0205847032172	0.5291759363294659	101137.09229497614	0.2800271715901669	189.3987164316877	0.0257544295891989	35871.87378597084	0.000663290643465	192.4707598460141	284.7318728387693	1.180065	24.819439	0.06138726	0.0331765	0.1070300322	0.0559094976	0.023562163	-0.0689090642	-0.0351059801	0.103721855	-0.0587687902	0.0761573123	0.0834125087	0.0245181518	0.0461643837	0.1230853789	-0.0044610918	-0.1319962013	0.0462023544	0.0174610609	-0.0388132698	0.0890195515	0.1408211085	-0.0297564606	0.0866938953	0.013697587	0.1573868591	0.0694718049	0.0390410323	0.0622998067	0.0893537264	0.0497769669	0.0687226445	-0.0171244543	0.1204811527	-0.0160752921	-0.0937710932	0.1066181482	-0.0497209706	-0.0048777617	0.0990054525	0.0057129704	-0.0073214235	0.0716661869	0.0071986728	0.0508268161	-0.1007425638	-0.163916613	-0.1737899149	0.0891398868	0.1907774414	0.1013156833	-0.0636752584	-0.0387537503	-0.0364634948	0.046917152	-0.0105632904	0.0231121641	0.0390466607	0.1999374587	-0.003072002	0.1400343741	0.0415250297	-0.1513528903	-0.0591069004	-0.0257012321	-0.1140512869	0.0061995953	-0.1315112935	-0.004147881	-0.05500084	-0.1496615724	-0.0853834569	-0.0280003506	0.0779036849	0.0378351586	-0.1207858821	-0.0729630884	0.0438338842	-0.0758603753	-0.0584974649	0.051081041	0.0169195475	-0.1476466075	-0.1081061353	-0.1021316104	-0.0617867182	0.1147895783	-0.0550041833	0.0301193447	-0.0972816282	0.071083785	0.1361594626	-0.0268115811	0.0410727622	0.0042745753	0.0357722464	0.1345262659	0.044443752	0.0791480937	-0.0594321946	-0.0378897505	-0.0229818409	0.1057195641	0.0359168664	0.037939037	0.0099802574	0.1092814895	0.0588374198	-0.0421256071	0.1188452797	-0.0347728366	-0.0789075417	-0.0240761915	0.0557640041	-0.0874767049	0.1912674539	-0.0938514896	-0.0049602846	0.0477786474	-0.038179896	-0.0646998002	-0.0128142486	0.0685182686	-0.0568772944	-0.0308026699	0.0746057701	0.0755112489	-0.088287496	-0.1311094619	0.0019669309	0.0476339773	0.0304877916	-0.1238698917	-0.0796436494	-0.0133823145	0.0974781683	-0.0310372	-2.210000000000059e-05	0.00096330778384	4.88410000000026e-10	0.0481085	-0.0067878999999999	4.607558641e-05	0.00231442777225	0.0328905	0.02645702	0.00108178499025	0.0006999739072804	0.000975831	-0.0001523089999999	2.3198031480999965e-08	9.52246140561e-07	0.00189911	0.00019036	3.6066187921e-06	3.6236929600000046e-08	-0.000155868	-0.0002197358	4.828382180164001e-08	2.4294833424e-08	0.0	0.0	0.0	0.0	0.0	0.0	0.0	0.0	0.0	0.0
270.2165760894273	0.1056166304365433	0.0111548726247693	73016.99799349325	317.78404831451047	-0.2365363887067246	100986.70136315913	0.0559494631824187	189.2181851250393	-0.1805313066483904	35803.52158201364	0.0325915526801751	192.2690085236432	285.90679771940586	1.115355	23.458448	0.08455064	0.0533171	0.1052106229	0.033129823	0.0562445705	-0.1176167524	0.0377345519	0.0641121149	0.0810238223	0.0240669738	-0.0430402553	-0.0552157579	-0.1563049489	-0.0224362968	-0.0551073777	0.1199809078	-0.0093371931	0.1291080051	-0.0155286881	-0.0551091673	0.0857229849	0.0002316058	0.034195197	0.1267440881	-0.1465093333	0.012977601	-0.0441455077	0.0403766082	-0.111336135	0.0804017032	0.0929318962	0.0687754066	-0.0924848042	0.1847894371	0.0214657748	-0.056960061	-0.0834539589	0.0624104669	-0.1213812269	0.0237400413	-0.0188655111	0.0586454788	0.1337785962	-0.0659803606	0.0114373087	-0.0035722134	-0.1294704578	0.022852381	-0.0618714397	-0.1111659043	0.0871264406	0.0480245382	-0.0149474482	0.0643754198	-0.0956492282	-0.0256244338	0.1393711862	-0.1452323672	-0.0208217112	0.0034952262	-0.1273434845	-0.0122278165	0.0705782438	0.1305113626	-0.0077001688	-0.0299078975	-0.0864488416	-0.0601396576	-0.0358007272	0.0552226614	0.1899715052	0.012534585	0.0130121696	-0.0622270504	0.1068847113	-0.0921424137	0.0651289227	-0.0397845161	0.1136744656	-0.0829749323	0.0426356319	-0.0443019331	0.118930111	0.0492524133	0.0061748985	-0.1325701704	-0.0659241332	-0.1035390254	-0.0610087108	-0.0357920051	0.0304679059	0.1145599905	-0.0274982716	-0.1115624632	-0.1329664845	0.1273274096	0.09760718	-0.0418236127	0.0143252296	-0.0121004336	0.0664853903	-0.0753150304	-0.0138773622	0.0490042285	-0.1236808016	0.0100915842	0.2124368999	-0.0452434471	0.0943903419	0.0960226517	0.0805607836	-0.033652644	-0.0153132914	0.0398750767	0.0005223826	0.1471072578	0.057935511	0.0627387278	-0.0580986135	0.0544924626	-0.0503780296	-0.0437035586	0.0922694519	0.0409943175	-0.035745487	-0.0205035888	-0.0776197807	-0.1879812836	-0.089777411	-0.0021594049	0.0347878666	-0.0082918453	-0.081623307	-0.008040184	0.0926047444	-0.0344377	-0.0034005	0.00118595518129	1.1563400250000006e-05	0.0303395	-0.017769	0.000315737361	0.0009204852602499	-0.00235944	-0.03524994	5.5669571136e-06	0.0012425582700036	0.00151662	0.000540789	2.92452742521e-07	2.3001362244e-06	0.00189911	0.0	3.6066187921e-06	0.0	-0.000134033	2.1835e-05	4.767672249999997e-10	1.7964845089e-08	0.0	0.0	0.0	0.0	0.0	0.0	0.0	0.0	0.0	0.0
270.3985198656093	0.1819437761819813	0.0331035376913589	73115.3595455123	318.2261785155136	0.442130201003124	101267.90069258751	0.1954791146390628	189.5833184937284	0.3651333686891007	35941.83465109446	0.1333223769302507	192.65945276440408	285.25150561790684	1.11368	23.42322	0.06996269	0.041626	0.0678581077	0.075333832	-0.0174680855	-0.1248253579	-0.0962353154	0.0905400519	0.0502712543	-0.0475815089	0.0192478047	0.0786970382	0.1167585459	-0.0239985875	0.05526504	0.0394539844	-0.0902984326	-0.0340497781	0.0257257554	-0.086034131	0.1203989456	-0.0896113448	0.0069926422	-0.0556059262	-0.057910813	-0.0501558462	-0.0276519738	0.0540263815	0.1665641391	-0.010098429	-0.0457866394	0.0172695571	-0.063206359	0.081229576	-0.0595266556	0.0226143502	-0.0191058391	0.0692947908	-0.0390069685	-0.1379371798	-0.0169165974	0.0567715259	0.0397002944	-0.0739287083	-0.0199518846	0.0179139526	0.0185724612	-0.0883076666	-0.0376140948	0.0245510535	-0.1047701393	-0.0539699119	0.0664514785	-0.0469012682	-0.1798366208	-0.0185910406	-0.0628482222	0.0224571698	0.1839350487	0.0476927499	0.0755173786	-0.0061930948	-0.0456906775	-0.0004829069	0.0843060764	0.0105856627	-0.1189874498	0.0544006568	-0.0779953959	0.1018202452	-0.0420726752	-0.0192153252	-0.0543497659	-0.0413658239	-0.1382322985	-0.0146774471	0.0368225444	0.067736894	0.0487776831	-0.1723335926	-0.0543181228	0.025735953	0.0170452595	-0.0574868888	0.1134005517	-0.0780504098	-0.0425232803	-0.023763994	-0.0688431017	-0.0152554357	0.0177435845	-0.0329247273	0.0582235614	-0.0453193005	0.01986318	-0.0450129197	-0.054365533	-0.014776527	-0.0743291446	-0.016789314	-0.0164041497	-0.0770004819	-0.0907418253	-0.0132350495	0.1721913057	0.1729954842	0.0622002557	-0.0948997218	0.1080212848	-0.0800951467	0.0233940334	-0.0927891705	0.0939121043	0.0165929827	-0.101065551	-0.1210549409	-0.0526388139	-0.0201365279	-0.1189043904	-0.056466943	0.0138316085	-0.1215592366	-0.0069339607	-0.0108434085	0.1445647843	-0.0331297846	0.030951939	-0.0441455335	-0.0618545186	-0.0118383245	-0.0177103745	-0.0862040422	-0.0835618648	-0.0026818616	0.0873117978	-0.0334255	0.0010122	0.0011172640502499	1.0245488400000096e-06	0.054071	0.0237315	0.00056318409225	0.002923673041	0.0105988	0.01295824	0.00011233456144	0.0001679159838975	0.000990363	-0.000526257	2.769464300490001e-07	9.80818871769e-07	0.00184398	-5.513000000000002e-05	3.4002622404000004e-06	3.039316900000002e-09	-7.0205e-05	6.382800000000001e-05	4.074013584000002e-09	4.928742024999999e-09	0.0	0.0	0.0	0.0	0.0	0.0	0.0	0.0	0.0	0.0
269.86608360484	-0.5324362607692592	0.2834883717819506	72827.7030802145	317.9927246314275	-0.2334538840860887	101119.37291851889	0.0545007159948809	189.4863739991565	-0.0969444945718862	35905.085931348214	0.0093982350277984	192.57588157222395	283.54100048636315	1.137127	23.916359	0.07759069	0.0471758	0.1215215425	-0.0156621323	0.0418279218	-0.0822537978	0.0274204512	0.0918110743	-0.0591263815	0.0289454235	0.056827092	-0.0262904382	-0.0157529053	0.0396112571	-0.0476209483	-0.0335793836	0.1032808568	-0.0127677477	-0.0485711642	0.0303552478	0.1522392715	0.0201735845	0.0387299788	0.197210671	0.0905166222	-0.0299633136	0.0356679989	0.1100494689	0.1089133409	0.1623265043	0.0566368529	-0.0887441507	0.0877331218	0.0547120291	-0.0660283098	0.0642473012	-0.0449219826	0.0619464233	-0.0209883408	0.0410119349	-0.1456622151	-0.1255849949	0.0769631338	0.0842124424	0.0040442255	0.1307913117	-0.0444648463	0.0142912462	0.0267638673	0.0419652124	0.0798041311	0.0322432327	0.0054333191	-0.0991191408	0.0426544699	-0.0804169023	0.1139127115	0.0258869096	-0.1737010779	-0.1231651108	0.1095798629	0.0859936214	0.0234564715	-0.0155228611	-0.0543019607	0.0419266744	-0.1376785286	-0.0401309934	-0.0018414606	-0.1673241617	0.0802807414	0.0185427317	-0.0539122776	0.0115576196	-0.1300912394	-0.1788636005	0.0733718005	-0.0925815074	-0.1330421588	-0.1298082541	-0.0508554868	-0.0058832245	-0.0068971685	-0.0448538005	-0.0341901322	0.0098673768	0.0109379017	-0.0898514884	-0.0225929027	0.1866870935	-0.0636282433	0.1139353718	-0.0980986189	0.0583835066	-0.0179235293	-0.0556389006	-0.0657395656	0.0219680801	0.0388649058	-0.0869685714	0.0292059716	-0.0485560065	0.1854848683	0.1314578565	-0.0990242324	-0.051574788	-0.1137536481	0.0125726989	0.114376365	0.0918114274	0.0307172324	-0.0654967116	0.0140281984	0.004003253	0.1279023666	-0.0175237514	0.1280367321	0.0043920191	-0.0343755849	-0.0124027745	-0.1028426082	-0.0015894367	-0.066588263	0.1189420641	0.0467630259	0.044447223	-0.0084949738	-0.0716583925	0.0323939567	-0.0210071928	0.0594864269	0.0059031378	-0.0854583468	0.0026818616	0.081623307	-0.0310527	0.0023727999999999	0.00096427017729	5.630179839999989e-06	0.0147831	-0.0392879	0.00154353908641	0.00021854004561	0.0070668	-0.003532	4.993966224e-05	1.2475024000000002e-05	0.00141099	0.000420627	1.7692707312900005e-07	1.9908927801e-06	0.00176754	-7.64400000000001e-05	3.1241976516e-06	5.843073600000016e-09	8.068779999999998e-05	0.0001508927999999	2.276863709183999e-08	6.510521068839997e-09	0.0	0.0	0.0	0.0	0.0	0.0	0.0	0.0	0.0	0.0
269.8266220124274	-0.0394615924126355	0.0015572172757409	72806.40594663736	316.7475610137228	-1.2451636177046908	100329.01740814206	1.5504324348554333	189.4707841018655	-0.0155898972910222	35899.178028175724	0.0002430448975446	192.4877817702325	278.5013486622417	1.122229	23.603004	0.14693544	0.0790595	0.1272866318	-0.0771977683	-0.1097315035	-0.0417191242	-0.0599545898	0.1057365065	0.1113261871	0.0093432492	-0.0681258456	0.0423516107	0.0260930689	-0.0874480084	-0.0578282849	-0.0099629949	0.0246561536	0.0679824333	-0.023195312	-0.1193241681	0.0690658046	-0.0249373244	0.0137780271	-0.0731820292	-0.1130764668	-0.0131576549	0.0730625644	0.0217286658	0.0418079691	-0.083890835	-0.008568392	0.1082082914	0.0253584782	0.1788253026	0.01655157	-0.0395237299	0.0355416902	-0.0349901915	0.0107744841	-0.0627747352	-0.0449487415	0.1544013222	0.0631518627	0.0078849859	-0.0873165364	0.0537664547	-0.0207343401	-0.0326452894	-0.0611877571	0.1088218301	0.1413502515	-0.0219672926	-0.0035403796	0.0297765861	-0.1650200533	-0.0746313692	-0.0806958376	-0.0288846144	3.14102e-05	0.0892927886	-0.010767423	-0.0105958102	0.1407898683	0.1143345417	0.0574488055	0.0191865339	-0.0802499139	-0.0067302737	-0.0418802415	0.0908458922	0.0046551797	0.081545051	0.0086353177	-0.0579824711	-0.0434102823	0.0965931516	0.0180179884	0.0395484086	0.0483951283	-0.1660197342	0.0654185133	-0.0127005554	0.1020032969	0.0599376998	0.0146330559	0.1173788072	0.0025667005	-0.0289820795	-0.1219130379	-0.0601701237	0.0740447192	0.0073027544	-0.0195581986	0.0437849672	-0.1550499093	-0.0317823527	-0.0208209318	0.0723973348	0.0482672491	0.0507141964	0.1138971475	-0.0596028407	-0.0297285045	0.0805049617	0.0437118399	0.1743686626	0.0731496501	0.0411981787	0.1308461019	-0.0462611272	0.0734474607	-0.0221909653	0.0531655684	-0.0129934578	-0.1609690786	0.0257749252	0.0347972699	0.0703737187	-0.0040210717	0.0242255253	-0.021556507	-0.0933476101	-0.1325919833	0.0571881802	-0.0536874066	-0.0053153943	-0.0869037837	0.0714289155	0.1169235766	-0.0697983249	0.0189597969	-0.0083771088	-0.0873117978	0.008040184	0.0755650422	-0.0424339	-0.0113811999999999	0.0018006358692099	0.0001295317134399	0.071588	0.0568049	0.00322679666401	0.005124841744	0.0264451	0.0193783	0.0006993433140099	0.00037551851089	0.000618578	-0.0007924119999999	6.279167777439999e-07	3.826387420840001e-07	0.00189911	0.00013157	3.6066187921e-06	1.7310664900000032e-08	-0.000182751	-0.0002634388	6.940000134544001e-08	3.3397928001000004e-08	0.0	0.0	0.0	0.0	0.0	0.0	0.0	0.0	0.0	0.0
270.9637117605444	1.1370897481170346	1.292973095272861	73421.33309105139	317.71792570524235	0.970364691519535	100944.6803144419	0.9416076345478024	189.56764842290656	0.0968643210410675	35935.893328590704	0.009382696690747	192.6316502286124	284.2386655236368	1.232275	25.917528	0.1625125399999999	0.101804	0.0603049653	-0.0003227342	0.0928587991	0.0534561173	-0.0393581203	0.0403895224	-0.0771642051	-0.1119389646	0.019216555	0.0644830945	0.090024969	0.0898042151	-0.1029007583	-0.052599611	-0.0367921472	-0.0924959395	0.0373940998	-0.0410117058	0.0665247347	-0.0078501699	-0.0038719544	-0.0500319076	-0.0149544118	0.1010499745	0.046125229	-0.1750532161	-0.0144948812	0.0069766228	0.0862139716	-0.0253990884	-0.0622863708	-0.0216799725	0.0612745334	-0.0156806484	-0.0765354309	0.0034865127	0.0907010576	-0.0234319707	-0.0768735846	0.032760226	0.0576041058	0.0460087104	-0.0141450873	-0.0569703754	-0.0775804987	-0.0852551874	-0.0939949766	0.0345543758	-0.0635566261	0.0976084942	0.0750770313	0.0996148996	-0.0431934548	-0.0366232676	-0.0915363067	0.2194606911	-0.0387781376	-0.1234668407	0.0284762728	0.0632197084	-0.0717772494	-0.0795499903	0.0968288564	0.0098536985	-0.0599325306	0.0067429822	0.0001261518	0.0089904244	-0.0341693087	0.0172211356	0.111716686	0.0976824713	0.0687556651	0.0349106247	0.1821236884	0.1044907877	0.0307532442	0.0556173934	0.0487506415	0.0345318588	-0.0504455339	0.0777632811	-0.0028775886	0.0632306417	0.0326627894	-0.0226175923	-0.1078627079	0.0663891077	-0.0181735347	-0.0238283524	0.1086291743	-0.0486974695	-0.1114858915	-0.055502077	0.0098415977	-0.1094580523	-0.0501172792	0.0110635336	0.0121831059	0.0788250391	0.0543885725	0.1195361241	0.1744289096	-0.0696600571	-0.0111454777	-0.1114381546	0.0772967827	0.0838515588	-0.0618725934	-0.0842105911	0.0278599713	0.0550930645	0.0158521685	-0.077711174	-0.0281441002	0.0501047418	0.0886373975	0.0446505343	0.0381668936	0.0116428805	0.1513365182	0.0106569753	0.0966560539	-0.0712233	0.0618127532	-0.0456079759	-0.1802524228	0.0163706501	0.0097770595	-0.0600103564	-0.0891212848	0.0133823145	0.0691644489	-0.045429	-0.0029951	0.0020637940409999	8.970624010000004e-06	0.0030917	-0.0684963	0.0046917431136899	9.558608890000002e-06	-0.00353634	-0.0299814399999999	1.2505700595599998e-05	0.0008988867444735	0.00175859	0.001140012	1.2996273601439998e-06	3.0926387881e-06	0.00189911	0.0	3.6066187921e-06	0.0	-0.000263533	-8.078199999999997e-05	6.525731523999996e-09	6.944964208899999e-08	0.0	0.0	0.0	0.0	0.0	0.0	0.0	0.0	0.0	0.0
270.94128343711634	-0.0224283234280733	0.0005030296917942	73409.1790705518	319.05999261854146	1.3420669132991063	101799.27888974371	1.8011435997721916	189.83311611736684	0.265467694460284	36036.61197482968	0.0704730968020587	192.8944788564024	289.63485196754755	1.145377	24.089869	0.10184371	0.06853	0.0285977117	0.0950610651	0.0076838383	0.0275728785	0.1739205978	0.030880147	-0.0358364934	0.0441016321	0.0893665011	0.019115518	-0.1322574606	0.0882737966	-0.0048033266	0.041073983	-0.0110430772	0.0020971101	-0.1034803649	0.0764384202	0.0432979809	0.0351084309	-0.0630073104	0.1115794317	-0.0503558606	-0.0673160028	0.0509301294	0.0797031155	0.0568187359	-0.0305533147	-0.0040412196	-0.2036634809	0.023162169	-0.0751149502	0.0480027762	0.0411101194	0.0191156947	-0.0901724934	-0.0079199013	-0.1660068566	-0.0012938461	0.0090900505	-0.0561061713	0.0189268283	0.0792779759	0.1381432902	-0.0367759794	0.0638382974	0.0062585139	-0.2669114693	-0.0349773511	-0.02494033	-0.0593630873	0.1969754497	0.0224113832	0.0942020083	-0.1562269405	-0.043130611	-0.168490164	0.0402952894	0.0516465533	-0.0312764295	0.0062636902	0.001793648	-0.0943949506	0.0782339531	-0.0226560576	-0.0193330209	0.0675955307	-0.0353557263	0.1072618341	0.0410665275	-0.0741568019	-0.1197275773	-0.0803795155	-0.0870766721	0.0809261727	0.1670111855	-0.1830153567	0.0292341597	-0.0366823684	0.1645599222	-0.0237295751	0.0253641158	0.0111895048	0.0785858844	0.0115973313	0.0726768079	-0.0050632314	-0.0807653913	-0.189482241	0.0307273793	-0.0608004614	-0.0742272948	0.0893499689	0.0128623388	0.0465398601	-0.0534413738	0.1867328306	0.1184138155	0.160434437	0.1099078041	-0.0623868736	0.0411244086	-0.013350406	0.0279625972	-0.1027403808	-0.0333797229	0.0470922122	0.0466467231	0.1017592677	-0.0783693157	-0.0614760044	-0.0172365194	0.0339224798	0.0080810558	0.0664652384	-0.0886377683	0.0058804009	0.0838317427	0.055251973	-0.0902142689	-0.2478726959	0.182020752	0.014812307	-0.0114923134	0.1255459739	0.028361319	-0.0144523785	-0.0865018245	0.1010168431	-0.0275956776	-0.0908858965	0.0186974948	0.0624505233	-0.0474767	-0.0020476999999999	0.0022540370428899	4.193075289999998e-06	0.0637196	0.0606279	0.0036757422584099	0.00406018742416	-0.0347137	-0.03117736	0.00120504096769	0.0009720277765696	0.00175859	0.0	0.0	3.0926387881e-06	0.00189911	0.0	3.6066187921e-06	0.0	-0.000423348	-0.000159815	2.5540834225e-08	1.79223529104e-07	0.0	0.0	0.0	0.0	0.0	0.0	0.0	0.0	0.0	0.0
269.7101494697684	-1.2311339673479438	1.515690845557888	72743.5647270048	317.51531572080773	-1.5446768977337229	100815.97571728422	2.3860267183922783	189.4503127912842	-0.3828033260826373	35891.42101671542	0.1465383864599299	192.5490697053476	283.5822939141322	1.268026	26.669445	0.10253026	0.0573339	0.0140355178	0.0454660626	-0.0395453993	0.1263586895	-0.0956050891	0.0297701078	0.0788630136	-0.0262512995	-0.022125335	0.0431629385	0.0765301443	0.0459648686	0.1283889154	-0.1406967202	0.1618483858	-0.0378766854	0.0102416755	-0.1213227706	0.0133296891	0.0217038518	0.0310823384	0.0298216114	0.1541209247	-0.0699648303	0.0796899271	0.039113317	0.100351242	-0.0082099138	-0.1279905996	0.0464109793	0.0368874642	0.012447332	0.0344420395	-0.0615560825	0.022557907	-0.07681852	-0.0493772865	0.1346680841	-0.1150740052	-0.0688299563	-0.160220716	-0.1363736645	-0.0119483425	0.0742336587	-0.0295071756	-0.0197477229	0.0249180786	0.0583358532	0.0512978507	0.0106905708	-0.0958332105	-0.0629206193	0.1827885795	-0.0461077361	-0.0161385219	-0.0831202394	0.1328799912	-0.0534466372	0.0515517065	0.0433723151	0.0647509439	0.0314832058	0.1112620113	0.048275111	-0.024274356	-0.0288675679	-0.0113874961	-0.1395683753	-0.1122183238	0.0277934994	-0.0685349379	0.046875592	-0.1525892883	0.0202469523	-0.1163132216	-0.0294032332	-0.0292617655	-0.0332061188	0.0368045407	0.0018324709	0.0098637936	0.0884670127	-0.0487959582	0.0014366648	0.0813774485	-0.041585896	0.186951214	0.0134618947	0.1000614362	-0.0883913082	-0.1372195314	-0.0198451299	-0.0600763052	0.0233200964	-0.0899300048	-0.0447296304	0.0569285288	0.001395337	0.0045260608	0.0286961628	0.0660853393	-0.2142865132	-0.0508667992	0.034884463	-0.1241108733	0.0219964111	0.0651739061	-0.0910066126	-0.127507482	-0.0882485536	0.0601345996	0.0212498515	-0.0247225355	-0.0049816896	0.010974025	-0.0984702152	0.0778875912	-0.0527842788	0.1178739937	0.0099912934	-0.1727524219	0.007025149	-0.0871054885	0.0254268339	-0.0365964479	-0.0160108074	-0.0107408468	0.1281067828	-0.0831139459	-0.0529505349	-0.0926047444	0.0239750208	0.0554536812	-0.0547284	-0.0072517	0.00299519776656	5.2587152890000095e-05	0.0328288	-0.0308908	0.00095424152464	0.0010777301094399	0.00368906	0.03840276	1.36091636836e-05	0.0014747719756176	0.00134535	-0.00041324	1.7076729760000005e-07	1.8099666225e-06	0.00189911	0.0	3.6066187921e-06	0.0	-0.000529808	-0.00010646	1.13337316e-08	2.80696516864e-07	0.0	0.0	0.0	0.0	0.0	0.0	0.0	0.0	0.0	0.0
269.7013666782165	-0.0087827915518801	7.713742744377661e-05	72738.8271880978	316.2008164978414	-1.314499222966333	99982.95635390157	1.7279082071790934	189.35651235027524	-0.0938004410089661	35855.88876945994	0.0087985227334765	192.45728402056864	279.52076094837514	1.149088	24.167927	0.07100256	0.0403657	0.0749570466	-0.0945509791	0.0209007943	0.1594693052	0.067508827	0.0805670362	-0.1022819834	-0.0134393216	-0.0650187366	-0.0542059244	0.0652090586	-0.0321056584	-0.073819552	0.0476916164	0.0455651413	-0.0845319018	0.0251115792	-0.0028790419	0.0711996813	0.0148758038	0.0973400195	0.0842247617	-0.0679991935	-0.083756174	0.01880707	-0.0006917405	-0.0124141768	-0.0126341912	-0.0186911249	0.0842371005	-0.0786567833	0.0535044067	0.0190410788	0.1688396103	-0.0410369911	0.0476550722	-0.0933768538	0.0109700967	0.0254569741	0.0019474748	-0.057911848	0.0317634818	-0.0407137832	-0.0992195607	0.0753995843	0.0315140886	0.0150584939	-0.1497944233	0.0434824877	0.0220385241	0.0828831727	-0.0614817333	0.0464210398	-0.0785541622	0.0585756609	0.126816596	-0.1223121389	0.054547782	-0.1153260092	0.0152647952	-0.0886112911	-0.0912267634	0.0269750442	0.0103629504	-0.0635848083	-0.0763600167	-0.0753119428	0.0061777845	0.0707598703	-0.0008971892	-0.1094191625	0.0111974413	0.0021370582	-0.027899156	-0.0136668515	0.0133695654	0.1428325311	-0.0777436033	-0.023926082	0.0370454559	-0.0117191993	-0.1223618781	-0.0600761113	-0.0043229379	-0.0765526032	-0.0290628652	0.0974692786	-0.0481624499	-0.0307191154	-0.0666579025	0.0628491324	-0.0072120511	0.0580689054	0.0465129594	0.0622717102	0.0496643878	0.0187725937	-0.1164275802	0.0560069733	0.0404982236	0.1218521583	0.1012167029	-0.0111087227	-0.1313157007	0.072052307	-0.0105329971	0.0703776035	0.1047867795	0.0202419196	-0.0749195308	-0.0441311106	0.0118027296	-0.0256458144	-0.0773321702	0.0117237516	-0.0603836842	0.2039152883	-0.0208624302	0.0423609555	0.0021206391	0.0296086587	0.0218438744	-0.0596877981	0.0410227452	0.024035593	0.0110663555	-0.0906112243	-0.0064148625	-0.0688540646	0.0730335373	-0.094276963	0.0292042644	0.0482056202	-0.0497922	0.0049362	0.00247926318084	2.4366070440000018e-05	0.0162745	-0.0165542999999999	0.0002740448484899	0.00026485935025	-0.0163315	-0.02002056	0.00026671789225	0.0004008228227136	0.00182872	0.00048337	2.336465569000001e-07	3.3442168384000003e-06	0.00189911	0.0	3.6066187921e-06	0.0	-0.000423348	0.00010646	1.13337316e-08	1.79223529104e-07	0.0	0.0	0.0	0.0	0.0	0.0	0.0	0.0	0.0	0.0
269.94385511171816	0.2424884335016486	0.0588006403820834	72869.68491257628	317.2006092361698	0.9997927383283808	100616.22649979728	0.9995855196141624	189.37312357838096	0.0166112281057166	35862.17993383275	0.0002759328991801	192.45993192987163	281.6450960423313	1.126383	23.690386	0.1260637999999999	0.0793562	0.0327200677	0.0090039304	-0.1662829085	0.0336814679	0.0693348022	0.0743662186	-0.0216460279	0.1443105549	0.0368801058	0.0471283082	0.0598856274	-0.0441175258	-0.0469531901	-0.0392671368	-0.03461928	0.0686460408	-0.0409554395	0.0941717785	0.0949380572	-0.1051789222	0.0302141295	-0.1260748623	0.0547261974	0.0156420287	0.0165262321	-0.1920453152	0.1431689579	-0.1281531866	-0.0268537883	-0.034145526	0.0448134526	-0.0333410525	0.0360661776	0.0111421784	-0.1347580129	-0.0546299303	-0.1567460224	-0.0339284226	0.0219043096	-0.0531261882	-0.09043467	0.1019728318	-0.0046901439	-0.0022727905	-0.0548048484	0.0706365591	-0.1191801448	0.1805936151	0.0802604792	-0.0050656682	-0.0384252426	-0.1572880004	0.1311094024	0.0899698611	0.0806324118	0.0064253861	0.0481311675	-0.0226509167	-0.0841494022	-0.1654853464	0.0183877528	-0.0007046052	-0.1352715465	-0.0161765186	-0.0872609008	0.0692488217	-0.0955720338	0.0313524528	-0.1299237651	-0.0093960641	0.0149885816	0.1396598364	-0.0895874682	0.1826873176	0.0858001234	0.1293487127	-0.0606917775	-0.0222457219	-0.0499102498	0.0643921866	-0.0342407858	0.0191569123	-0.0779741494	-0.0577158206	-0.1113838254	0.0073946368	0.1034659515	-0.048222139	-0.0325321543	-0.0379065099	-0.1014218574	0.1431895391	-0.1599924272	-0.0248585253	-0.0103073963	0.1330226063	-0.1320548065	-0.0600831066	-0.1521640058	0.0355185923	0.0391269882	-0.0819861727	-0.0752491982	-0.0829748074	0.0234570947	-0.0583310466	0.0908994021	-0.1259558119	0.0840044832	-0.0350279118	0.0223369404	-0.1034180958	-0.0083205053	-0.1362838933	0.0097003633	0.0004956016	0.0746155642	-0.0576335278	0.0254823593	0.0318322462	-0.0752196973	-0.0482728974	0.0590748457	-0.0078707839	-0.04641905	0.0072798092	-0.099035134	-0.0453182284	-0.1041327884	-0.0192685793	-0.0959017104	0.0343746944	0.0407391756	-0.0497934	-1.1999999999998123e-06	0.00247938268356	1.4399999999995496e-12	0.0526943	0.0364198	0.00132640183204	0.00277668925249	0.0264522	0.0427836999999999	0.0006997188848399	0.0018304449856899	0.000945338	-0.000883382	7.803637579240001e-07	8.93663934244e-07	0.00195291	5.37999999999999e-05	3.8138574681e-06	2.894439999999989e-09	-0.000423348	0.0	0.0	1.79223529104e-07	0.0	0.0	0.0	0.0	0.0	0.0	0.0	0.0	0.0	0.0
270.2806878508119	0.3368327390937224	0.1134562941253797	73051.65022510801	317.1176809829341	-0.0829282532357069	100563.62359199396	0.0068770951847255	189.41193923621185	0.0388156578308951	35876.88272522241	0.0015066552928451	192.48152283597585	285.0340253215725	1.255193	26.39954	0.10676191	0.0667474	0.0832540556	0.0035212356	0.0559702658	0.0937254121	0.0200367459	0.0560285143	0.0604858156	0.0368054689	-0.019980693	-0.1097103498	-0.1280671552	0.0796261742	-0.1237064737	-0.0876012937	0.0689034327	0.0767360378	-0.0706140093	-0.0736124393	0.036247662	0.0627161102	0.0601516226	0.1382777091	0.0372797083	0.0757443211	0.0012227688	-0.0551424948	0.0070986604	0.2237604277	-0.0198173488	-0.0351150927	0.074889218	0.0739393955	0.0126845064	0.0346085491	0.0587173201	-0.0525402035	0.1050407973	-0.029453154	-0.0015751628	0.0572110591	-0.2307820054	0.0309690195	-0.0307882539	-0.0039520244	-0.0665313005	-0.0201853297	-0.0816482523	0.0359356021	0.0318212669	-0.1035613356	0.080296819	0.0360439134	-0.0195818686	0.1415247144	-0.1650032424	-0.0840014246	-0.0714081599	-0.0695284448	-0.0373661621	0.1141163471	-0.0458782164	0.1107518473	-0.0128709809	0.0519961663	-0.0444856495	-0.0974808451	-0.0052442967	-0.0869029453	0.0757582722	-0.0406279517	0.0377180105	0.1275114566	-0.0217066322	-0.182069949	0.0759561696	-0.0694360227	-0.0382950816	-0.0649631385	0.0879325223	0.0052487334	-0.0801500731	0.0389359462	-0.0012153911	0.1784234184	0.0564619821	-0.0095174567	0.038011587	-0.0584394046	-0.0770919064	-0.1593635779	-0.023508448	-0.027263263	-0.0392424214	-0.0009263845	0.0203056705	0.0216168656	-0.0709050248	0.034238658	0.0754346261	-0.0291866794	-0.1781223373	0.0216812096	0.015857225	-0.0988759344	-0.0736911854	-0.064142141	0.0891239527	0.082522776	-0.0926614372	-0.0648879073	-0.0072786837	-0.051225658	0.1045862829	0.0889791788	0.0797712185	-0.0074360887	0.0804814256	0.0286128845	-0.0303720959	-0.0256766942	-0.0025827058	0.1305557431	-0.0136236536	0.0232539951	0.0635616984	-0.1408735143	-0.0556747581	-0.0139414673	-0.1858003774	-0.0212892013	-0.0974781683	0.0394758984	0.0330881723	-0.0497928	6.000000000033756e-07	0.0024793229318399	3.600000000040507e-13	0.0162457	-0.0364486	0.0013285004419599	0.0002639227684899	0.00515024	-0.0213019599999999	2.6524972057600003e-05	0.0004537734998415	0.00181933	0.000873992	7.638620160640002e-07	3.3099616489000003e-06	0.00198198	2.9069999999999964e-05	3.9282447204e-06	8.450648999999978e-10	-0.000346195	7.7153e-05	5.9525854089999995e-09	1.19850978025e-07	0.0	0.0	0.0	0.0	0.0	0.0	0.0	0.0	0.0	0.0
269.6391410511004	-0.6415467997114774	0.4115822962200385	72705.26638677523	317.82982091052537	0.712139927591295	101015.79506001664	0.5071432764697348	189.2937897945856	-0.118149441626258	35832.13885479676	0.0139592905565965	192.41139516876075	282.5752525801039	1.119726	23.550369	0.05909261	0.0357856	0.0671187179	-0.0167274762	-0.023473834	0.0118232634	-0.0201141903	0.045339558	0.0946272739	-0.0509222297	-0.047583082	-0.0212896591	0.0068654658	-0.0364523672	0.0151960592	0.1008331614	0.1579404032	-0.0122119407	0.0152576826	-0.0700333513	0.0508333289	0.0780973786	0.0911407844	0.0781582103	-0.0806301185	-0.0324259834	0.1051918912	-0.030638281	0.0457957169	-0.032177408	0.0446615872	0.0158601003	0.0924597935	0.0012838743	0.1682217371	-0.1061521149	0.0381204664	-0.0122601164	0.0577135406	-0.0655470629	0.0688088539	-0.0893475506	-0.0916912892	0.0070538082	-0.0848948643	0.0260715584	0.05734605	-0.1443925859	-0.1304774487	0.0260050748	-0.1496446189	0.0483901806	-0.0717763021	-0.0374621544	-0.0649981202	0.023201683	0.1688750266	0.0856856256	0.0505885285	-0.0365901989	0.038835444	-0.0740483188	-0.1579948604	0.0285696853	0.072798822	0.0204584093	-0.053516839	-0.1294711307	-0.0375021741	-0.0389026217	0.0831375964	0.0824503499	-0.0378733366	-0.0245073886	-0.0573146213	0.1215138306	-0.008422576	-0.0671183087	-0.0732725127	-0.0207648422	0.0890579449	0.1167502575	0.1292125066	0.0626818815	-0.009473262	-0.0677872048	0.0990313528	0.0585697668	-0.0221692615	-0.0046644122	-0.1031024815	-0.1749610646	0.0761853925	0.0575622766	-0.0039532562	-0.0185161327	-0.0438013063	-0.0332694254	-0.1696003747	0.0854091666	-0.1271635907	-0.0001609156	0.0075173433	0.0825930713	-0.0566643213	0.0474561601	0.0172950943	-0.2499920135	0.0698788818	0.0350321753	0.0606873905	-0.0769050274	-0.0247142386	0.0646190632	-0.1070356594	0.0478847673	0.0847202693	-0.037252039	0.0428824629	-0.0563925786	-0.0017843904	-0.0419299783	-0.1715671993	0.0173152528	-0.0114230494	0.0535425376	0.0496023669	0.057450854	-0.0126476555	0.0794216534	-0.0816596488	0.0284814951	-0.0990055431	0.0444976032	0.0252872714	-0.0497898	2.9999999999960614e-06	0.00247902418404	8.999999999976368e-12	0.0474559	0.0312102	0.00097407658404	0.00225206244481	-0.00758727	-0.01273751	5.75666660529e-05	0.0001622441610001	0.0015776	-0.00024173	5.843339290000005e-08	2.48882176e-06	0.00198891	6.930000000000044e-06	3.9557629881e-06	4.8024900000000605e-11	-0.000292017	5.4178e-05	2.9352556839999996e-09	8.5273928289e-08	0.0	0.0	0.0	0.0	0.0	0.0	0.0	0.0	0.0	0.0
269.0962678682265	-0.5428731828739046	0.2947112926836439	72412.80138060832	316.0325473244727	-1.797273586052654	99876.57096839508	3.230192343122567	189.4534682569517	0.1596784623661165	35892.61663458781	0.0254972113436072	192.5329427482668	276.46813123482093	1.161347	24.425745	0.06808472	0.0444794	0.1084236434	-0.1286583381	-0.0097881194	0.0002784291	-0.1132019559	0.1142502953	-0.0843018864	-0.0029855265	-0.0307470967	-0.0133631948	0.1528329921	0.0152306097	-0.0539247132	-0.1808421362	0.1305685877	-0.1113277749	0.0146194443	-0.0002754803	0.1009237623	-0.0591730874	0.1113258413	-0.0545298094	0.0369620161	0.0370698494	0.0617509464	-0.067963713	0.0172183863	0.1310707396	0.0465518175	-0.0302067468	0.200497401	0.0213032647	0.1257153037	0.1024496797	-0.0725637365	-0.0222716102	0.000375202	0.0717927989	-0.139919747	0.0705002746	0.0604173547	-0.0222456359	0.0359204058	0.1202767064	0.0865336581	-0.0100300156	-0.0986169273	-0.0202084261	-0.0003183546	0.0030698869	0.1626332892	0.0121738128	0.070461568	0.0252888253	-0.0285138853	-0.0861783241	0.0480988869	-0.0522292468	0.0539234295	-0.0162747825	0.0646960206	-0.1063100828	0.0306051922	0.0312223457	-0.1037753105	-0.0072780744	-0.1198141397	-0.0310100102	-0.0807920488	0.0183432534	0.0336673811	0.0687846891	-0.009249729	0.0233056429	0.0880300614	-0.1567571139	-0.1326104824	-0.086669206	0.0423714146	0.1581880688	-0.0429756524	-0.0538911795	-0.1056465921	0.0924089972	0.0748428483	-0.1447582235	-0.0106572199	0.0076836059	0.0106462745	0.0287148136	0.0317346174	0.0215763854	-0.0326608522	-0.1467275901	0.0190131985	-0.075013925	0.002824169	-0.1015442221	0.0368194741	-0.0440606142	-0.0688960709	-0.1387988725	0.0082193507	-0.0609231192	0.0512173806	-0.0541529542	0.1152223689	-0.0019452113	-0.1051600687	-0.040721891	0.0519159024	-0.0428234983	0.0365377221	-0.1523123624	-0.0019972695	-0.0397442264	0.1359506787	-0.1251847359	0.0416317955	-0.0482807051	-0.0096803669	-0.0647384557	-0.1083542967	0.0228918934	-0.0907590572	-0.1054180759	0.0720813355	0.0103397454	-0.1873977458	0.065969963	-0.1004830656	0.0494296957	0.0173718128	-0.0497922	-2.3999999999996247e-06	0.00247926318084	5.759999999998198e-12	0.0451866	-0.0022693	5.1497224900000085e-06	0.00204182881956	0.0231717	0.03075897	0.00053692768089	0.0009461142354609	0.00109765	-0.00047995	2.3035200250000006e-07	1.2048355225e-06	0.00189911	-8.97999999999999e-05	3.6066187921e-06	8.064039999999983e-09	-0.000423348	-0.000131331	1.7247831561e-08	1.79223529104e-07	0.0	0.0	0.0	0.0	0.0	0.0	0.0	0.0	0.0	0.0
269.70941041299267	0.6131425447661627	0.3759437802023258	72743.16606532411	316.57092341593267	0.538376091459952	100217.1495524163	0.2898488158556946	189.55726595295064	0.103797695998935	35931.957075557664	0.0107739616946873	192.59227902601987	277.936007965756	1.106432	23.270777	0.085374741	0.0550751	0.0647881802	-0.1283042491	-0.0685683063	-0.0199350691	0.0818575158	0.0655331108	-0.0254188311	0.1096982684	-0.0239231957	-0.0803125508	-0.0132484562	-0.0536192933	-0.1371650487	0.0114111884	0.0110664335	0.0470878138	-0.0330937259	0.1112986038	0.0694233108	-0.0084052287	0.0374596153	0.1068822505	0.1058055261	0.0196783317	-0.0604982845	-0.0017612405	-0.0448996823	0.0459561161	-0.0256464012	0.0331225593	-0.1632200464	0.0025715381	-0.0810450537	-0.1253890212	0.0177848109	-0.1291638765	0.0324796049	-0.0123560416	0.0386089238	0.1885105273	0.0509596069	0.1561668887	0.095321407	0.0250500045	0.0856318406	-0.0475815599	0.0400111173	-0.1501557073	-0.0310115208	-0.0558930296	-0.0801591784	0.0230643745	0.0818816772	-0.0048336796	0.1075115494	0.0286502744	0.1076748108	0.0309294819	0.0115326518	-0.0203206809	0.0390523835	0.0009826766	-0.1208244983	-0.0144257373	-0.0566302465	-0.0060477955	-0.0072544079	-0.1303387377	0.0423013164	-0.1207165433	-0.0056962022	0.0004937595	0.0588413864	-0.1046448097	-0.0424088987	0.0444291121	0.1166388795	-0.02944029	-0.0978917458	0.0062415949	0.0679899667	0.1385824767	0.0247271767	0.0317525456	0.0695482758	0.035100522	-0.1007034242	-0.1963175873	-0.0058575679	0.1427623458	0.0973244455	0.0888782112	0.1131732323	0.0936236957	-0.0676509054	-0.0322398337	0.0284846886	0.0202609624	0.0067951298	0.123065297	0.0345788856	-0.1082250396	-0.0179227931	-0.0157546766	-0.0063277939	-0.0654784757	0.0789007299	0.0487482804	0.0629180145	-0.0442910469	-0.0541907561	-0.0593441275	0.0910375915	0.017787555	0.094446157	0.0159758678	0.1603223943	-0.0280831849	-0.1015357176	0.1009854155	0.0142094496	-0.0219595373	0.0972786138	-0.035737753	-0.0396633126	0.0367250196	-0.0531921598	0.0316397476	-0.0369392756	0.0255106987	-0.1019099918	0.0542622434	0.0093776556	-0.0497922	0.0	0.00247926318084	0.0	0.0174166	-0.02777	0.0007711729	0.00030333795556	-0.000971041	-0.024142741	9.42920623681e-07	0.000582871942993	0.00176689	0.00066924	4.478821776e-07	3.1219002721e-06	0.00189911	0.0	3.6066187921e-06	0.0	-0.000423348	0.0	0.0	1.79223529104e-07	0.0	0.0	0.0	0.0	0.0	0.0	0.0	0.0	0.0	0.0
270.3379662260952	0.6285558131025368	0.3950824101849912	73082.61598326139	317.8642916621349	1.2933682462022489	101037.70791387078	1.6728014202842811	189.6193744127523	0.0621084598016636	35955.507152683545	0.0038574607789348	192.6864338277889	282.6785345123313	1.105876	23.259075	0.098108841	0.060792	0.0802941336	0.0182919755	-0.0616320922	-0.0624377998	-0.0508574677	0.0768207994	0.1309505408	-0.0046503738	0.0262458669	0.0563452755	0.0173164839	-0.0520300227	-0.033421897	-0.0662991008	-0.0618302058	0.0115920203	-0.0328953922	-0.1380844362	0.0304355786	-0.0565350553	0.0129851601	-0.073598554	-0.0123734529	0.0829129027	0.0601760263	-0.0104948024	0.062157707	-0.072804844	-0.1829979347	-0.102136612	0.0610456443	0.1357804635	0.0584323793	0.0886342169	0.1269139955	-0.0264102137	-0.0068173409	-0.1073406632	-0.0053455949	-0.0719023707	0.0983733515	0.0395903963	-0.078783795	0.0408746458	0.0075574727	-0.0712657601	0.0658526601	0.0365065541	-0.0066586894	0.1127516609	-0.0723607928	-0.0448179615	-0.1240493114	-0.129525364	0.1509683259	0.080559561	-0.0295704629	0.067325638	0.00858288	-0.052148007	0.047922972	0.0785419764	0.0746000219	0.0573515361	-0.0400277609	0.0149929322	-0.0477221163	0.0646483624	-0.0693941053	0.0308857324	0.0847357824	0.0864125961	-0.037394367	0.0167700134	-0.1623739663	0.0567143886	-0.088757531	-0.1400220615	0.0589626034	0.1210676227	0.1801270045	-0.1725452518	0.042034718	0.0242126357	-0.060950914	0.0535076246	-0.0188844299	0.0720121665	0.0100512898	0.0232306067	-0.0004001171	0.0856880312	0.0213486197	0.0515874335	-0.0884941569	-0.0072536379	-0.008923538	0.0216563282	-0.0767096246	-0.0423737772	0.0490989663	0.1504040309	-0.064491354	0.1263164973	0.0529258923	0.1037187134	0.1237951876	-0.0865234521	-0.0488878807	-0.0208971885	0.0540541269	-0.045382707	-0.0684797051	0.0063736831	0.0133814645	-0.0622429336	0.0434559717	0.0220447695	-0.0070417128	-0.0739022557	-0.0826276423	-0.1827594057	0.0173987249	0.0909292371	-0.0394541622	0.0320101599	-0.0622947306	0.1120235007	-0.1544945844	-0.0510947004	-0.1032856033	0.0589855141	0.0013410152	-0.0497923	-9.999999999593669e-08	0.00247927313929	9.999999999187334e-15	0.0455327	0.0281161	0.00079051507921	0.00207322676929	0.0301627	0.031133741	0.00090978847129	0.000969309828655	0.00106662	-0.00070027	4.903780729e-07	1.1376782243999998e-06	0.00189911	0.0	3.6066187921e-06	0.0	-0.000500256	-7.690800000000004e-05	5.914840464000007e-09	2.5025606553600005e-07	0.0	0.0	0.0	0.0	0.0	0.0	0.0	0.0	0.0	0.0
269.55700045801547	-0.7809657680797386	0.609907530912376	72660.97649592254	317.457738620998	-0.4065530411369309	100779.41581035788	0.165285375257687	189.4266142184848	-0.192760194267521	35882.442174278665	0.0371564924940524	192.55017799769035	281.6502046046284	1.143261	24.04537	0.1048333	0.0664197	0.0916787097	-0.0804783887	0.0575238471	-0.0469590531	0.0598580889	0.0629179752	-0.0520412349	-0.0262340177	-0.0307566291	-0.0229898207	-0.0388450143	-0.0320001075	-0.0428358536	0.0258782567	0.1817418717	-0.0639925741	0.0274963953	0.0608918128	0.0763817546	-0.046206405	0.0591262208	0.0278043421	-0.0215078724	0.0716682046	0.0134808879	-0.0441202128	-0.1463542185	-0.0332347115	-0.1123254422	-0.1948701579	-0.0945587607	0.0889899198	0.009710241	0.0319180775	0.1127904345	0.1754575067	-0.0459498286	0.0380450787	-0.0051023581	0.0574981436	-0.0634675431	-0.0345053166	-0.0676741504	0.060840819	0.0380432744	0.1541679694	0.0133239021	0.0690374376	-0.0379984806	0.0270023117	0.1306318374	0.0911388614	0.0084619002	0.1583675928	-0.0883942949	0.0961401013	0.0823262115	-0.0697235417	0.1409254854	0.0268262775	-0.0528019464	-0.0880706003	-0.0165747482	-0.0107459673	-0.0657522689	-0.0257041774	-0.0708927886	-0.0414435469	0.0386059946	0.0116464867	0.040232456	0.0447022127	0.1742483369	-0.0736026026	-0.1122662294	0.1508698403	-0.0589076248	0.0091446433	-0.0016461623	0.0227051068	0.056260294	-0.132323937	0.0755811625	-0.0247266873	-0.0185515722	-0.13934041	-0.0709226871	0.0438038887	-0.0156850853	-0.089878408	-0.137597983	0.0502087356	0.0763540813	-0.0901881136	0.1219936541	-0.0024869282	0.0437671125	-0.1060443803	-0.0037310102	0.1045697763	-0.2000974646	-0.0107020412	0.1234618662	-0.0642520911	-0.1817198397	-0.0427139289	0.0768548065	0.1038800287	0.0295275108	-0.0440029993	-0.0177790498	0.0314200274	0.0460468352	-0.0192220167	0.0670938903	-0.1159180319	0.053496012	-0.0386279216	0.0131259531	-0.0322652125	0.009149141	-0.0700207542	-0.135258614	-0.0114889661	-0.1101052086	-0.0586148004	-0.0580054329	0.0633143287	-0.0814649838	0.0707974442	-0.1046092073	0.0635899959	-0.0067017003	-0.0497922	9.999999999593669e-08	0.00247926318084	9.999999999187334e-15	0.0208336	-0.0246991	0.00061004554081	0.00043403888896	-0.013662	-0.0438247	0.000186650244	0.00192060433009	0.0017159	0.00064928	4.215645184000002e-07	2.94431281e-06	0.00189911	0.0	3.6066187921e-06	0.0	-0.000423348	7.690800000000004e-05	5.914840464000007e-09	1.79223529104e-07	0.0	0.0	0.0	0.0	0.0	0.0	0.0	0.0	0.0	0.0
269.39634523870075	-0.1606552193147195	0.0258100994930606	72574.39082796924	315.8848639434056	-1.572874677592381	99783.24726854388	2.473934751411337	189.63232877920504	0.2057145607202528	35960.42011822452	0.0423184804923265	192.7009599494021	274.82955667662753	1.135781	23.888042	0.05163485	0.0310972	0.0890536526	-0.2006699572	-0.1207693745	-0.0430621383	-0.0323610123	0.0610827075	0.0663546972	0.0756832177	-0.07760272	-0.1127087029	0.0474811493	-0.0945573749	-0.0780863457	-0.0202129683	0.0834967877	0.0827040681	-0.1518780099	-0.0367075381	0.0299880426	0.0110730042	0.0504483888	-0.037659628	-0.1072928404	-0.0768991239	-0.0293823859	0.0365183914	0.0165327625	-0.0960904553	-0.040114711	-0.0192605244	0.1061825845	0.1380169844	0.117264986	0.0465584307	0.0501792612	0.0661177866	-0.0054441177	0.0392951528	-0.0373708868	-0.0015771126	0.043120179	0.0746346758	-0.0593991507	-0.0430871385	-0.0428035814	0.1272120221	-0.1729557721	-0.0288718326	-0.1745673626	0.1082301225	-0.0348547305	0.0071496082	0.1513155125	-0.075812984	-0.0694974829	0.0553315956	0.1418986864	-0.0099952776	-0.0373386369	-0.0618676003	0.0676095875	0.1106222509	-0.0663319125	0.104759722	-0.0153641912	-0.0640527385	-0.0621966616	0.1026494262	0.0169748241	0.0225082074	-0.0848263254	-0.0480340804	0.0057858405	0.062582108	-0.0024363744	0.0660576016	-0.0663160355	-0.0961621859	0.1379463405	-0.0067464778	0.0555923388	-0.0773307686	-0.0258162568	0.0550903727	-0.0163694315	-0.0690954277	-0.0661853836	0.0468137836	-0.1236085309	-0.0212142855	-0.0361515596	0.0013382031	-0.0632345374	0.0149542982	0.1799478124	-0.0838870328	-0.0282197748	0.0434925584	-0.0901555303	0.1418724533	0.1837861976	-0.1197926193	0.1673202769	-0.0298641881	0.0283837687	0.0815534461	0.086487105	-0.0176200104	0.0733800225	-0.1775305074	-0.0319496498	-0.1052771613	-0.1036996309	0.0576368729	0.0699240578	-0.0742535552	0.1934781059	0.0620690106	-0.1017965144	-0.0835626044	-0.0219300812	-0.1591244017	-0.1116823654	-0.0669274922	0.1572071717	0.0166256459	0.0297929047	0.0707814331	0.0101226134	0.0272609215	-0.1058801375	0.0680664159	-0.0147140554	-0.0497936	-1.3999999999986246e-06	0.00247940260096	1.959999999996149e-12	0.0428388	0.0220052	0.00048422882704	0.00183516278544	-0.0335654	-0.0199034	0.00112663607716	0.00039614533156	0.00178501	6.911000000000005e-05	4.776192100000007e-09	3.1862607001000003e-06	0.00189911	0.0	3.6066187921e-06	0.0	-0.000297961	0.0001253869999999	1.572189976899999e-08	8.878075752100001e-08	0.0	0.0	0.0	0.0	0.0	0.0	0.0	0.0	0.0	0.0
269.8769065397004	0.4805613009996818	0.2309391640185068	72833.5446834382	316.7010601258423	0.8161961824366699	100299.56148483236	0.6661762082241938	188.61696284778048	-1.0153659314245544	35576.358673921	1.030967974697653	191.65863781132973	279.0438891739495	1.468647	30.888975	0.239071395	0.179262	0.1431081349	-0.0586406486	-0.0112570627	0.0031112675	-0.0410171367	0.137812777	0.0418244294	-0.1202383853	-0.0024073173	0.1286068109	0.0007923094	-0.0926598124	-0.2197751473	-0.1646827576	-0.0448657999	0.0374203427	0.2706429025	-0.0548204278	0.2202257061	-0.1007045188	-0.0967078901	-0.0618686908	0.0926295464	0.1176075605	-0.1050886442	0.177954082	-0.0220998373	-0.017240115	0.1060421943	0.1410162197	0.1530919644	-0.0928190967	-0.088596244	0.1367005078	0.0478014943	-0.0439998511	0.0123400395	0.1646032046	-0.007464107	-0.1023719271	-0.0188614539	0.1180045228	-0.1488665349	0.0463146089	-0.1676654229	0.0666123861	0.0525643875	-0.0950562794	-0.1369225395	0.0513407825	-0.0033523465	0.1082478552	-0.0986272633	0.0950654444	0.0445561495	-0.0917052538	-0.1403472393	0.0152432316	0.0824642111	-0.0061155573	0.0581652847	0.0238704105	0.1415339503	-0.2056921053	-0.2353457331	0.1648371187	0.0213339338	-0.0409914759	-0.0487628349	-0.0764092836	0.1448924595	-0.2180618299	-0.0168489726	0.0241337029	-0.0228987986	-0.1717339469	-0.0186159307	0.0210157456	-0.1349372576	-0.1605425247	-0.1260427203	0.0011178281	-0.2018184899	0.1519657777	-0.0260239992	-0.0271433698	-0.0590452557	0.1934885326	-0.1733665259	-0.0541523015	-0.0295009215	-0.0639316907	0.0461386593	0.167182412	0.0512802029	-0.0779114128	0.0644207161	0.0285356417	-0.0500463192	0.0947439411	-0.1168688759	0.101332868	-0.0458022056	0.0416130197	-0.0760193044	0.0806359053	0.1624852583	0.0038671573	-0.0438977039	0.2568744767	0.2338685853	0.0867137721	-0.1195441995	-0.0703910884	0.0218098174	0.2319789742	0.1694509773	0.0337489042	-0.184337038	0.171747616	-0.1884681003	-0.0980859127	0.0096187721	0.1757545103	0.067919038	-0.0034125967	0.0417929977	0.011916276	-0.0449677402	0.2237133885	-0.1070977539	0.0724057592	-0.0226597522	-0.0441007	0.0056929	0.00194487174049	3.240911041000001e-05	0.0542334	0.0113945999999999	0.0001298369091599	0.00294126167556	0.124794	0.1583594	0.015573542436	0.02507769956836	0.000745877	-0.001039133	1.079797391689e-06	5.563324991290001e-07	0.00189911	0.0	3.6066187921e-06	0.0	-6.46041e-05	0.0002333569	5.4455442777610017e-08	4.17368973681e-09	0.0	0.0	0.0	0.0	0.0	0.0	0.0	0.0	0.0	0.0
271.7411264235756	1.8642198838751936	3.4753157754356407	73843.2397899537	318.847302346394	2.1462422205516987	101663.60221357275	4.6063556692786864	189.9753764106374	1.3584135628569245	36090.64364236337	1.845287407753643	192.8477393519936	287.7278015255255	1.514854	31.8608	0.191127195	0.0995622	0.2433700958	0.0475208427	0.0410063926	-0.0048974324	0.3030243481	0.2436765923	-0.0979130605	-0.0483191166	0.1788139882	0.2054009724	-0.226346151	-0.1350843905	-0.2698814753	-0.0499150687	-0.1373211864	-0.0525577834	-0.0128995739	0.0142846106	0.2220835857	0.0930971354	-0.2879228599	-0.1321037468	-0.1421061051	0.3679951915	-0.1576358306	0.0982520451	0.192094572	-0.0202038487	0.0466950587	0.0425703436	0.145523656	-0.0703335218	-0.0760671123	-0.0583661594	-0.0345190298	0.0784772408	-0.0700014739	0.0558785095	0.1790889657	-0.0776297974	-0.0833478191	0.0428433369	0.0943643616	-0.0290071403	0.0465417311	0.0669880769	0.0518094122	0.1035013826	0.1048511243	-0.1071858898	0.0498094533	-0.0353323353	0.0275546694	-0.0278960124	-0.0753808784	-0.1065831916	0.0002285139	0.0801498501	0.014753356	0.0790667512	-0.047172858	-0.0684981363	-0.0256585569	0.0131118037	-0.2475384635	0.1183036426	0.2811911421	0.29037336	0.0470477823	-0.1016265493	0.372339877	-0.0196613889	-0.1719260253	0.0584113891	-0.000872938	-0.1140214675	-0.1089875962	0.0446577787	0.0212089083	-0.1919888483	-0.0651710892	0.0064951904	-0.0532266839	-0.128464471	-0.0879225997	0.0600218792	0.061218411	-0.0962995332	-0.068543722	-0.0028538747	-0.0156429877	0.047896766	0.0505017018	-0.0846643429	0.000273708	0.0683477634	-0.0157254023	-0.0464108561	0.0597119143	-0.1085992169	-0.0295291349	-0.0901985077	-0.0550934224	0.0473871319	-0.0724487628	0.0754875582	0.2137537563	0.0692052725	0.0777548134	0.552938096	0.0856462172	-0.1081043974	-0.1031773687	-0.1003608563	0.0227087557	0.1004341207	-0.0892599253	0.2530399159	0.1349558007	-0.0697991287	0.0944444678	0.108712022	0.138460228	0.337395978	-0.1293633404	-0.0754514639	0.0325776076	0.0212890917	0.2055843507	0.085762036	-0.1082614433	0.0765992869	-0.0305027946	-0.0706108	-0.0265101	0.00498588507664	0.00070278540201	0.089146	0.0349126	0.00121888963876	0.007947009316	0.178536	0.053742	0.031875103296	0.002888202564	-0.000259649	-0.001005526	1.0110825366760002e-06	6.741760320099998e-08	0.00189911	0.0	3.6066187921e-06	0.0	-0.000578328	-0.0005137239	2.6391224543121e-07	3.34463275584e-07	0.0	0.0	0.0	0.0	0.0	0.0	1.0	0.0	0.0	0.0
269.1896185000746	-2.551507923501049	6.510192683688635	72463.05070821568	316.05897916112906	-2.788323185264914	99893.278308375	7.774746185485879	187.4237234849477	-2.551652925689723	35127.65212496213	6.510932653180922	190.51313429140123	290.6052001514004	2.660085	55.947609	0.48751685	0.362009	-0.1191693202	0.1924046157	-0.1379506306	-0.1971959864	0.2439355264	-0.130615569	-0.0416736936	0.1418068369	-0.1124852029	0.5645462711	-0.0803118628	-0.3132307533	0.032651289	-0.0185606869	0.1739603903	0.404905272	0.5727682111	0.2111144185	0.0575886451	0.1769033278	-0.3830045533	0.0687181344	0.0808338166	-0.2178513973	0.1166626065	-0.102447762	-0.0577699429	-0.032771281	-0.0527957279	-0.015603028	0.0582405809	0.0106611781	0.0027580441	0.0250726362	0.0471173401	0.0512495335	0.0494284785	-0.0159444772	-0.0117368909	0.0826504648	0.0701589895	-0.090524362	-0.0341731452	-0.0466005409	0.0023327048	-0.0633094035	0.0299444995	0.0526433193	0.0027485241	0.0099580339	-0.0194560235	-0.0704252619	0.0126585632	-0.0496891399	-0.0287710242	0.0646878761	0.0300882521	-0.0691006957	-0.005166037	-0.0292166636	-0.0011582027	0.1113939332	-0.0728954288	-0.7206710551	-0.0730609471	0.0979510514	0.4017317225	-0.1120025024	-0.0344204317	0.1708699725	-0.2398791272	0.070280646	0.0561037893	0.0636585339	-0.0558128551	0.0217816668	-0.0441716758	-0.0237887959	0.0328535178	0.0238558462	0.0021723325	-0.0969425191	0.0676020662	0.013629561	0.0376792593	0.0091357789	-0.0551654736	-0.0147010229	0.1230014336	-0.015280584	0.0430842336	-0.0488703739	-0.0246792926	-0.0063686243	-0.0475980536	0.0265620889	-0.00997524	-0.0076320396	-0.0246965402	-0.0249819704	0.0635839937	0.011509131	0.0810644986	-0.035276793	-0.0277570961	0.0121069005	-0.0803215879	-0.1169089286	0.3309654652	0.0253561437	0.3825870549	0.3595896842	0.4040357434	0.2746537864	-0.0701609367	-0.0873968726	0.1626582111	-0.1233221788	0.256980102	-0.0851300833	0.1433846772	-0.018695293	0.1577646986	0.1713353336	0.0253409861	0.1809122369	0.0868660812	-0.093468395	-0.0691970516	-0.0702154382	-0.1093706198	0.0806385538	-0.0382076517	-0.0728754999999999	-0.0022646999999998	0.0053108385002499	5.128866089999535e-06	0.0865714	-0.0025745999999999	6.628565159999981e-06	0.00749460729796	-0.0717821	-0.2503181	0.00515266988041	0.06265915118761	0.0038019	0.004061549	1.6496180279401002e-05	1.445444361e-05	0.00232977	0.00043066	5.427828252900001e-06	1.8546803560000002e-07	-0.000423348	0.00015498	2.401880040000001e-08	1.79223529104e-07	0.0	0.0	0.0	0.0	0.0	0.0	0.0	1.0	0.0	0.0
269.5395845612742	0.3499660611996091	0.1224762439915685	72651.58764546427	318.34358771239044	2.2846085512613854	101342.63983759643	5.219436232496646	188.74513382265084	1.3214103377031563	35624.725541730375	1.7461252805887697	191.8786683632219	287.0483077283633	2.110461	44.387779	0.1965008	0.102322	-0.2959893286	0.0420835647	0.0216261087	-0.0897091588	-0.0619137792	-0.252219053	-0.0476984221	-0.0686807466	-0.053657604	0.1595354314	-0.053043461	-0.0701683573	0.2339646122	-0.1161889435	0.198567811	0.0910331749	0.143554995	-0.0093341695	-0.2988211803	-0.505666867	0.050906602	0.1687020919	-0.1811427257	0.1140561288	0.3298546616	-0.0103871445	0.1165864733	0.141937816	0.0898665473	-0.0436634498	-0.0531674302	0.0090105434	-0.022867987	-0.0821282582	-0.0471368471	0.1706238113	0.0593044144	0.0428647421	0.0661053191	0.0156796683	-0.0512584267	0.0778614702	0.0969027133	0.0058024912	-0.0125753414	0.0676592463	0.2463263562	0.0513290487	0.1390255784	-0.0252657887	-0.1073915895	0.0259057086	-0.0264972298	-0.0785977746	0.0256972562	-0.0525495032	0.0118584149	0.0686336391	-0.0502859649	-0.0449243302	-0.0792892086	0.0428087585	0.0414371734	-0.1538670409	0.2661957635	0.2883623193	-0.362597478	-0.0410482244	0.229931466	0.3937823472	0.1523285332	0.1806193623	-0.148287546	-0.179088369	0.097867473	-0.0324530371	0.0943942244	0.1700692355	0.0842343002	-0.1378072566	-0.0455746589	-0.078402922	0.0137624781	-0.0958060632	0.0316453149	-0.0209477108	-0.0239788366	-0.0977243045	0.033413734	0.1036177741	-0.0952722023	0.1067176166	0.1196476651	0.0772332995	-0.0716188381	0.0269580828	0.0869912715	-0.0152620187	0.0418246632	-0.0428743584	0.0401373818	0.0232153037	-0.0783130139	0.0882777505	-0.0196093616	0.0157595784	-0.2253251644	-0.0964638859	0.0485893704	0.0243180997	0.3092009536	0.1855191563	0.0180733337	-0.174639811	0.2791766713	0.1055741166	-0.2348223414	0.0778225029	0.0234133029	0.272346872	0.0326982847	0.0456917408	-0.1599550259	-0.3490307697	-0.0882116704	0.0450009804	0.1689266569	0.2250839921	-0.0459527079	-0.012542338	-0.1104247249	0.0845154255	-0.0457394187	-0.0865448999999999	-0.0136693999999999	0.0074900197160099	0.0001868524963599	0.117595	0.0310236	0.0009624637569599	0.013828584025	-0.0829397999999999	-0.0111576999999998	0.0068790104240399	0.0001244942692899	0.00541644	0.0016145399999999	2.6067394115999995e-06	2.93378222736e-05	0.00173023	-0.00059954	2.9936958529e-06	3.594482116000002e-07	-0.00102227	-0.000598922	3.58707562084e-07	1.0450359529000002e-06	0.0	0.0	0.0	0.0	0.0	0.0	0.0	0.0	1.0	0.0
271.3724655629176	1.8328810016434431	3.359452766185472	73643.0150656969	319.82608169885486	1.482493986464419	102288.7225348426	2.197788419903166	190.2468350076424	1.5017011849915605	36193.85823042511	2.2551064490050567	193.38455502683053	284.71290539974547	1.590716	33.456348	0.29729872	0.170983	-0.2264122996	-0.082378933	0.1304665396	-0.0160608684	-0.0219279732	-0.2428072948	-0.1063904474	-0.1070877782	0.0978347463	-0.1276922629	-0.0356862331	-0.0316569467	-0.0057425136	-0.160696081	-0.0939366573	-0.1698211307	-0.0602355676	-0.0209554357	-0.2066827261	0.1014815551	-0.0678416196	-0.1648878043	0.0227795302	-0.0160457611	0.0097833943	-0.0747257001	0.0372000688	0.0080280041	-0.1465091738	-0.146536737	-0.0289609378	0.1815397744	-0.1215576698	0.1321449561	-0.0213323278	-0.0265021722	0.0439888219	0.1574827474	0.0849455212	-0.0272758113	-0.0295788706	0.1236628727	-0.1878943116	-0.1063231909	-0.1805083952	-0.2160597932	-0.0450392581	0.0473590153	-0.0034255121	0.1101190552	-0.0837392216	-0.0674663995	0.1148152289	-0.1093916455	-0.0048451837	-0.1241272672	-0.0154584631	-0.068945903	-0.0858132946	-0.0077895416	0.0593908731	-0.1359202309	0.0424778049	0.1165579291	0.2238563374	-0.0313534792	0.091725895	0.1000303051	-0.1426957957	0.0281056668	0.0079135978	0.139191213	0.0182446388	-0.0420295634	-0.0731225796	0.1821146335	-0.0207392524	-0.1080238454	0.0036764321	-0.2231751089	-0.018023677	-0.2185003341	-0.1249166428	0.0699895846	0.0222927554	-0.0925915533	0.019175229	0.0397621838	0.0014706898	-0.1276782709	0.1434669688	-0.0133812188	-0.2780577949	0.1871095063	-0.1702132157	-0.0837987155	-0.0434771842	0.0079586145	-0.0597115633	-0.0595609025	0.072102887	-0.0479770636	-0.0433045855	-0.0609849731	-0.0441165882	0.0665796351	-0.2432529652	0.0600165667	-0.1184379182	-0.1148273056	0.1161693172	-0.064741432	0.0193753763	-0.2474563077	0.1969714151	-0.0843925905	0.0123594821	0.316952962	-0.2382656556	-0.2447933137	0.3277130208	-0.0239236279	-0.0354287509	0.2179477887	0.2258749443	0.25899159	0.0399271948	0.053043087	0.0296541317	0.0355354403	-0.1114232278	0.0882220943	-0.0530639746	-0.093341	-0.0067961	0.008712542281	4.618697521000131e-05	0.00819108	-0.10940392	0.0119692177113664	6.70937915664e-05	-0.188689	-0.1057492000000001	0.035603538721	0.01118289330064	0.00638528	0.00096884	9.386509456000006e-07	4.07718006784e-05	0.00196842	0.0002381899999999	3.8746772964e-06	5.6734476099999945e-08	-0.00132223	-0.0002999599999999	8.997600159999997e-08	1.7482921729e-06	0.0	0.0	0.0	0.0	0.0	0.0	0.0	0.0	0.0	1.0
269.8735506106397	-1.4989149522779144	2.2467460341623022	72831.73331919352	318.9522070081916	-0.8738746906632855	101730.5103553963	0.7636569749818529	189.24835037465408	-0.9984846329883226	35814.93811952783	0.9969715623138252	192.34990881297213	285.8090389057741	1.327833	27.927341	0.2719405200000001	0.168899	-0.2158274664	-0.0027787987	-0.0448947176	-0.1174275478	0.0412368829	-0.1985596628	0.006466309	0.0679575493	0.0391755029	0.0027521148	-0.1610238848	0.0232304576	0.0838491367	-0.0505275138	0.0488968081	0.0895858302	0.0113855874	0.0585308305	-0.1559258743	-0.0053485842	-0.0449007649	-0.0234225383	0.0567563727	-0.1298686103	-0.0546912395	-0.0624459596	0.0647729678	-0.1306566624	0.0732553788	-0.0264314059	-0.0061254895	0.1589235753	0.052637933	-0.0757745147	-0.0525579751	-0.0569407304	0.0780248114	0.1123615633	-0.0071857567	-0.0091108789	-0.0266581859	0.2265613595	0.1137681665	-0.0147911063	0.0245081588	0.0883158638	0.0243492957	0.0492767987	-0.0111379556	0.1177879804	0.1857775101	0.1000264244	-0.0414188161	-0.0598630235	-0.0547095947	-0.1372672898	-0.0527028362	-0.0282961373	0.0548003309	0.2577760513	-0.0349941643	0.0461553021	-0.0665602911	-0.0560021234	0.1612796547	0.026252073	0.0265716041	-0.0574825554	-0.0337528918	0.0180802998	-0.095426037	-0.014311464	-0.0292957462	0.0887332596	0.1005609948	0.1660530095	0.0205724335	0.0878339474	0.1760493336	-0.2586618365	0.0322842522	0.1038630354	-0.0885381257	0.1666039364	-0.0929045075	-0.0513643175	-0.0279170025	0.0069986241	-0.1433837407	0.020376101	0.0982938994	0.0851540729	0.0175570366	-0.1142100276	0.103712994	-0.2150021574	0.0141328466	-0.0939239709	0.072662685	-0.096333929	-0.0502978165	0.0123770312	-0.0813664939	0.0533123248	0.0120883626	-0.0698636166	-0.1720212032	-0.1021797989	0.0233954344	-0.0528385513	0.0287175165	0.0104521777	0.0394602441	-0.025748401	0.1879402577	-0.0450359239	0.0258362472	0.1076531723	-0.0161296916	-0.0925523729	-0.095076618	0.1239851195	-0.0972470763	0.0242549178	-0.0238799081	-0.0685053545	0.1506519866	-0.2067419433	0.0327673188	-0.0269052873	-0.1123656258	0.0917510955	-0.0601481375	-0.0966591	-0.0033181	0.0093429816128099	1.1009787610000029e-05	0.0781344999999999	0.0699434199999999	0.0048920820012963	0.0061050000902499	-0.110153	0.078536	0.012133683409	0.0061679032959999	0.00421857	-0.00216671	4.694632224100002e-06	1.7796332844899998e-05	0.00183371	-0.0001347099999999	3.3624923641e-06	1.8146784099999976e-08	-0.00122079	0.0001014399999999	1.029007359999999e-08	1.4903282241e-06	0.0	0.0	0.0	0.0	0.0	0.0	0.0	0.0	0.0	0.0
270.0457226411965	0.1721720305567942	0.0296432081060496	72924.69231680603	317.758629322052	-1.1935776861395766	100970.54650862924	1.4246276928503057	189.57970113713145	0.3313507624773706	35940.46308324408	0.1097933277943348	192.61699736247948	280.237188490636	1.220211	25.66379	0.0826048999999999	0.0511247	-0.1341653344	-0.1089960059	0.1041816053	-0.0240659904	-0.077867466	-0.1067742155	0.0295331342	-0.1317565549	-0.0424085678	-0.1279734248	-0.0549572405	-0.0479156839	0.0219890621	-0.0205907161	-0.0401648365	-0.0551036505	0.0219979138	-0.0898889499	-0.1810986528	0.0550317503	0.0785668244	-0.075238835	-0.0358889595	0.0013265817	-0.1210325757	0.0609645949	0.0016822158	-0.0047654889	-0.0583322877	-0.0295465939	-0.0075252965	-0.0559033512	0.1429422961	-0.0423303994	0.1007482712	-0.0179039385	0.0509648777	0.0694546339	-0.084620145	0.0674232385	-0.0196075459	-0.0867599423	0.0227515465	-0.0152061121	-0.0847451951	-0.0088120983	0.0524293178	0.1088437254	-0.0130601854	0.0206107557	-0.1263446959	0.0193095927	-0.1283351532	0.1069874277	-0.0568304914	0.0015201791	-0.0249931832	0.0243308503	-0.1402083594	0.0067909797	-0.0566830062	-0.0077761812	0.1074208822	0.0249465033	0.1547383098	-0.0726776247	-0.0328384305	0.0835011744	0.0080994719	-0.0721717354	0.0178068441	-0.0142024401	-0.0523427975	0.0200398588	-0.0977297051	0.0024163617	-0.0177066289	0.1992547346	0.1363650297	-0.0584804861	0.0179885049	0.0637896999	0.0360404305	0.1388481645	-0.0111471171	-0.1014567751	-0.0064254609	0.068764473	0.114244643	-0.0165889861	-0.0636261809	-0.1136259065	-0.0293885139	0.0458666626	-0.0120700948	-0.0348856518	-0.0020399144	0.1394679156	-0.0650495841	-0.0538370125	-0.0898437591	0.0404582172	0.0014927367	0.044441082	0.0720710868	-0.0352721494	-0.1335051239	0.0565259451	-0.0981658607	-0.001441418	-0.0104220554	0.0199899317	-0.0977988875	0.0189002282	0.0800323541	0.0612049515	0.0130783674	0.0323872907	0.0077571467	-0.0091560928	-0.1722370596	-0.0385632968	0.0758424613	0.0017730334	0.0596450199	-0.0354675172	0.1691753775	0.0358109515	-0.0609909005	-0.132312696	-0.1132514443	0.0950953223	-0.0669598143	-0.0897671	0.0068919999999999	0.00805813224241	4.7499663999999936e-05	0.0695504	-0.0085840999999999	7.368677280999829e-05	0.00483725814016	-0.0634102	0.0467428	0.00402085346404	0.00218488935184	0.00407663	-0.0001419399999999	2.0146963599999788e-08	1.6618912156900003e-05	0.00206667	0.00023296	4.271124888900001e-06	5.427036160000008e-08	-0.00125361	-3.282000000000003e-05	1.0771524000000015e-09	1.5715380321e-06	0.0	0.0	0.0	0.0	0.0	0.0	0.0	0.0	0.0	0.0
270.4345627031637	0.388840061967187	0.1511965937906458	73134.85270445138	318.3986949349997	0.6400656129476943	101377.728936311	0.4096839888781076	189.5846772333281	0.0049760961966569	35942.3498416652	2.47615333583838e-05	192.6466549910271	283.99283215501214	1.062869	22.354534	0.0676136	0.0335278	-0.1184524653	-0.0514143183	0.0378204537	0.0413559593	0.0850690793	-0.1012533269	-0.1301353612	0.0002781748	0.037005247	-0.0085447186	0.0084029512	0.0014888692	-0.0360996397	0.0580813348	-0.1169035722	-0.0925596181	0.0353302858	0.1289473081	-0.0735198821	0.0007005197	-0.0118651075	-0.0245564059	-0.0639177505	0.0608105438	-0.0861573308	-0.0672916952	0.0072414214	-0.1306825309	0.0798695712	0.0347876012	-0.1366620934	0.0969678467	0.1134037417	-0.1340683031	-0.0702755651	0.0057124176	0.0581269394	0.0428339519	-0.0152061433	0.0181733768	-0.0204454998	-0.1777463577	-0.0195604729	0.1647522342	-0.0661623813	0.0503635137	0.0036657902	-0.036512443	0.0254508409	-0.0039510474	-0.0412522896	0.0070325192	-0.078219518	0.1552034401	0.0818506547	0.1467286976	-0.1628791982	-0.0118308058	0.0552889759	-0.0427234105	-0.0466962788	-0.1374152785	-0.0404170153	-0.0365910108	0.0761141201	0.0415309625	0.0286505717	0.0732242146	0.0669215748	-0.0887268023	0.0477643783	0.003045141	0.0413196499	0.1234726256	0.07383816	0.0890335347	0.0765771062	0.0207292807	0.0756213662	0.0372693491	0.1668345389	0.1144399726	-0.0485284513	-0.0855295552	0.1162776577	-0.0036731951	-0.0872944756	0.0714789128	0.0963642352	-0.0098316752	-0.234980715	-0.03414391	0.018875705	0.0012284299	0.053448853	0.0404998334	0.0632751589	0.0285641236	0.0317213037	0.0258391726	-0.0485987829	0.1592319246	-0.0252955081	-0.062792806	0.0040465735	-0.147075634	-0.1295627747	0.0589736145	0.0896933806	0.0445921151	-0.0672534076	0.0076597004	-0.0243626534	-0.0702813308	-0.0071691562	0.1078775511	0.0292150801	0.0641759535	0.1273952277	0.0847288882	-0.0502520047	-0.0608906808	-0.0714354349	0.0071355012	-0.1115590066	-0.1481089816	0.0499755123	-0.0808301194	-0.0071318984	-0.0501389697	-0.1140802373	0.0982480398	-0.0734681463	-0.0938918	-0.0041246999999999	0.00881567010724	1.701315008999996e-05	0.0957174	0.0261669999999999	0.0006847118889999	0.0091618206627599	-0.0745541	-0.0111438999999999	0.0055583138268099	0.0001241865072099	0.00375957	-0.00031706	1.0052704360000032e-07	1.41343665849e-05	0.00220455	0.0001378799999999	4.8600407025e-06	1.9010894399999987e-08	-0.00132223	-6.861999999999992e-05	4.7087043999999895e-09	1.7482921729e-06	0.0	0.0	0.0	0.0	0.0	0.0	0.0	0.0	0.0	0.0
270.90293785908017	0.4683751559164761	0.2193752866797833	73388.40174068065	318.6040944250312	0.2053994900314819	101508.56898439418	0.0421889505051928	189.7763224191853	0.1916451858571974	36015.052550950575	0.0367278772622397	192.78973067849032	287.02312281710954	1.149194	24.170158	0.0867078	0.0474213	-0.1138662893	0.0925906997	-0.1272234918	0.0454036943	-0.0119765312	-0.1028236929	0.0993907358	0.0609750779	0.0417434179	0.0557595683	0.027382653	0.0196574605	0.0439457702	0.0294943205	-0.1343405081	0.0645562642	-0.1068604263	-0.0707800978	-0.098398516	0.0230675032	-0.0537178262	-0.1366507872	-0.0218556906	-0.0109515469	-0.0787006569	-0.0063728954	-0.0766350505	0.0202622193	0.0027529019	-0.0194512717	-0.0391265369	-0.0352070556	0.0164148828	-0.0886606036	-0.1339375094	0.0009698526	0.0416501869	-0.0480746276	-0.0917914503	-0.0373581311	0.0046538793	-0.0795291526	0.0131806295	-0.0635445768	-0.1117367604	-0.0582561091	-0.0234373419	-0.0822315556	0.0732862073	-0.2349368242	-0.0809525451	-0.0529759347	-0.0784276076	0.0243847473	-0.0381870849	-0.0073756332	0.0287752892	-0.0368930402	-0.0887028658	0.0259349849	0.0922823725	0.1138190732	-0.01071305	0.0785995956	0.095064401	0.0157669661	0.0375517619	0.1296013273	-0.088935652	-0.0491020044	-0.0057292059	-0.0152277156	0.0755469461	-0.031277969	0.0607585413	0.0281481365	-0.0074887109	0.0436620793	0.0292808472	0.0644158212	-0.0644525535	0.0760476446	0.0148123482	-0.0651348538	0.088048915	0.0161508865	0.0179596881	0.0540480229	0.047454319	0.098468056	-0.0172001958	-0.0681120563	-0.0077002656	0.1869569102	-0.0691121276	0.1664119333	-0.092751022	0.0402994535	0.0455921228	-0.0635479289	-0.0067040995	0.0090379701	0.1098725505	-0.0183335996	-0.0090644922	-0.0124282501	-0.0813558052	-0.1533096933	0.0236464171	-0.0139897465	-0.0001826199	-0.0228342268	-0.0663163714	0.034325953	-0.0446767143	0.056126104	-0.0670292709	0.1101868712	0.0910693255	0.0235836383	-0.0164893543	0.015075527	-0.0814388526	-0.0773333339	0.0679277904	-0.122033089	-0.1166318819	-0.1405470767	0.0089220875	-0.0550767591	-0.1148515874	0.1012028987	-0.0796436494	-0.0894383	0.0044534999999999	0.0079992095068899	1.983366224999999e-05	0.0892267999999999	-0.0064906	4.212788836000125e-05	0.0079614218382399	-0.0462261	0.028328	0.00213685232121	0.0008024755839999	0.00324854	-0.00051103	2.611516609e-07	1.05530121316e-05	0.0022942	8.965000000000015e-05	5.263353640000001e-06	8.037122500000027e-09	-0.000974196	0.000348034	1.21127665156e-07	9.49057846416e-07	0.0	0.0	0.0	0.0	0.0	0.0	0.0	0.0	0.0	0.0
270.69781971926994	-0.2051181398102244	0.0420734512792067	73277.30960076637	318.9212561853034	0.3171617602721994	101710.7676468119	0.1005915821789601	189.70747161265703	-0.0688508065282746	35988.92478566707	0.0047404335595939	192.8281854593842	290.08762627833306	1.207032	25.386608	0.0331955999999999	0.0162715	-0.0752279946	0.1069908074	0.1342132605	0.141648038	-0.0655794862	-0.0807249255	-0.0296149301	-0.10299233	0.0268374902	-0.0085894656	0.0100234777	0.1616435261	0.0623296996	0.0078600775	-0.0630967545	-0.1094546139	0.0303104213	-0.0032611241	-0.0702079193	0.0285273987	-0.01839722	-0.0163991018	0.0784991973	-0.1057278135	0.0361704842	-0.0757870159	-0.1228108241	-0.1114848261	0.0163299985	0.0090174023	-0.0367305195	0.1141931448	-0.0447357371	0.1035830102	-0.0845021695	0.0900749564	0.0759944846	-0.1423830351	-0.0215774894	0.0768154709	-0.1136472411	0.0282709793	0.0755566798	-0.1167959649	0.0723606717	0.1175268764	-0.0511010218	0.1453997849	-0.0551993069	-0.1091694814	-0.0235976748	-0.0573689096	-0.0474844076	-0.086483044	-0.0019463465	-0.1205971774	-0.0867472339	0.0534969467	-0.0058629425	0.0950434051	0.0529432458	-0.0841326492	0.0738795989	0.0273660164	0.0779030778	0.0033788454	0.0473139029	-0.10257053	-0.0651405369	0.0079279461	-0.0751276979	-0.0454079375	0.1147687046	0.0467891649	0.1230189789	0.1574960526	0.0929465146	-0.0451024424	0.0485415778	-0.037286438	-0.1215529315	-0.0873298569	0.0639769305	0.0569870974	-0.0285332172	0.0046099842	-0.0296940643	-0.0862926363	-0.0070261652	-0.034169773	-0.0484081373	0.0497640115	0.0741835486	-0.070776682	0.1204138516	0.1297801434	-0.1637093718	0.0917770257	-0.0585725659	-0.1187556067	-0.0151016893	-0.0539091217	-0.1001275628	0.0850319816	0.0557515499	0.123826617	-0.0872949834	0.0369846052	-0.123346584	-0.0140821836	-0.0086602268	0.0570908892	0.0147696997	-0.0914756563	-0.0780814407	0.0152934595	-0.0486393823	-0.0118982462	0.1080354996	0.0472172823	-0.1169477166	0.07086126	-0.1038649824	-0.1082978594	-0.0397503369	0.0277194424	0.0127175255	-0.1597500276	0.1344120362	0.0324661365	-0.1155651064	0.1039539485	-0.0854583468	-0.0909966	-0.0015582999999999	0.00828038121156	2.4282988899999954e-06	0.0853347	-0.0038920999999998	1.5148442409999207e-05	0.00728201102409	-0.0544271	-0.008201	0.00296230921441	6.7256401e-05	0.0032987	5.016000000000005e-05	2.516025600000005e-09	1.088142169e-05	0.0024803	0.0001860999999999	6.15188809e-06	3.463320999999993e-08	-0.00112882	-0.000154624	2.3908581376000004e-08	1.2742345924e-06	0.0	0.0	0.0	0.0	0.0	0.0	0.0	0.0	0.0	0.0
270.5687707985077	-0.1290489207622158	0.0166536239498926	73207.45973141541	317.6869967007976	-1.2342594845057988	100925.02787277257	1.5233964750925202	189.8172618388901	0.1097902262330592	36030.59289201376	0.0120538937763063	192.84779690099103	284.6088090939037	1.081905	22.754908	0.06968	0.0391194	-0.0133447645	0.0142725424	-0.0200284887	0.1561161723	0.0652969559	-0.0202942464	-0.0421480415	0.0860019183	0.0203588909	-0.1173969098	0.0116312338	0.0430562805	0.0960262284	0.0997911395	-0.0420250451	-0.0617052487	-0.0890505224	0.1034616984	-0.0363966333	0.0467746209	0.0139034502	-0.0387431849	0.1016812311	0.0150225249	-0.0471554882	0.0250803263	0.0158022701	-0.0545089252	0.0156696261	0.1041301377	-0.0477704146	-0.0352001331	-0.1003072656	0.0119649905	-0.0232710093	-0.0387111233	-0.1389357581	0.0625008582	0.1183015735	0.0668826782	-0.0040760418	-0.0376335731	-0.0479571913	0.1076113888	0.0363771643	0.0655075534	0.0034273376	-0.1191092543	-0.033876213	0.0334795143	-0.0037368354	0.0989991126	-0.0543999047	0.0051146252	0.1115161746	0.1219094196	-0.1038093211	0.1001033157	-0.1513126532	-0.1004144958	-0.0513584866	-0.0645145958	-0.104479022	0.0807301516	0.047257631	-0.023281983	0.0340797745	-0.0513630559	-0.0693352421	-0.077101977	0.0081873375	-0.0353158969	-0.0038710029	0.0669076717	-0.0978167403	-0.035301572	0.0608966261	-0.0266377619	-0.1889289289	-0.0430751824	0.0364289618	0.0575036328	-0.0914392595	-0.0911825312	-0.0531328933	0.0002819064	-0.0262622404	-0.0967681405	0.0438016149	-0.0164438229	-0.0688344784	0.0008636211	0.0891380764	0.0522689277	0.0679705712	-0.0265433434	0.0016718476	0.0357850458	0.1129152289	0.0934172651	0.0176598052	0.1568737636	-0.1122489191	-0.0320777112	0.142799087	0.0047889437	-0.0702442795	0.0175442171	-0.005487721	0.0398508887	-0.16370845	-0.0755707414	0.0701333465	0.052810754	-0.0820937144	-0.0322559123	0.0391481239	0.0430042474	0.0551582603	0.1152945226	-0.0360739451	-0.0297888267	-0.0099077468	0.0162755511	0.0165258666	0.0522882151	-0.0466816355	-0.0335353324	0.1734857885	-0.0020599513	-0.1162204348	0.1064956489	-0.0908858965	-0.109975	-0.0189784	0.012094500625	0.00036017966656	0.0556818	-0.0296529	0.00087929447841	0.0031004628512399	-0.0564673	-0.0020401999999999	0.00318855596929	4.162416039999996e-06	0.00342296	0.00012426	1.5440547600000043e-08	1.17166551616e-05	0.0024178	-6.250000000000006e-05	5.845756839999999e-06	3.906250000000007e-09	-0.00132223	-0.0001934099999999	3.740742809999999e-08	1.7482921729e-06	0.0	0.0	0.0	0.0	0.0	0.0	0.0	0.0	0.0	0.0
271.0253692851155	0.4565984866077883	0.2084821779725226	73454.75079613323	318.22929201745114	0.5422953166535649	101269.8822979282	0.2940842104643902	189.6083703363233	-0.2088915025667859	35951.33410159633	0.0436356598446095	192.6902964435592	287.66909568498363	1.049846	22.080643	0.0672066	0.0460921	-0.0627407436	0.0952855888	-0.1128654807	0.1019930566	-0.0097347719	-0.0476341121	0.098917768	0.0634645888	-0.0086161896	-0.0279682107	-0.0001912147	-0.0278946655	0.0531873306	0.1154747801	-0.1879218588	0.1286297476	-0.0742340729	-0.0171592191	-0.0935033135	-0.018286157	-0.065168735	-0.0610319255	-0.1172361653	-0.0078044709	-0.0920637887	0.0924198958	-0.0812330168	0.0448378479	-0.1806069332	-0.007294876	0.0865165015	-0.0987969049	-0.0553659317	-0.0065656635	0.0026745345	0.0145990063	0.0908048668	-0.041191101	0.037652668	0.0427577335	0.0351266219	0.0667569443	0.1022191976	0.0232321382	-0.0114262888	-0.024092681	0.029939504	-0.0075920492	0.0303638033	0.1037054222	-0.0427951219	0.0702994731	0.1049566769	-0.0613167459	-0.0365081717	0.0386905422	-0.0260530018	0.0152326385	0.0325471936	0.1669626196	-0.0620669856	0.1236099121	-0.0551295068	0.0048440714	0.0910990414	0.0212626551	0.0057960906	0.1860844902	0.0120202886	-0.0049629317	-0.0053019887	-0.0490332055	0.0476941966	-0.0806992274	-0.1615217288	-7.0655e-06	-0.0452687551	-0.002717845	0.0669440451	0.0028150412	-0.1678476338	0.0336087033	0.0620524177	0.0438713378	0.0038162798	0.0967433261	-0.028073622	-0.0646955693	-0.050334113	0.0845824067	0.015387156	0.0088234497	-0.0184419264	-0.048920854	-0.0365788879	-0.1057986507	0.0392532432	0.0138516312	0.0273641432	0.1274337627	0.0908987695	-0.0349829521	0.0043039276	0.0010043137	-0.006778445	-0.0304931388	-0.0695997216	-0.0989153776	0.0745007067	-0.033086241	-0.0704705566	-0.0423217991	-0.100960822	0.114885603	-0.12359128	0.0158973712	-0.0015190387	0.1348576254	0.034214532	0.0739644636	0.0874126272	0.067308376	-0.0357660431	-0.0948619945	-0.0223126478	-0.0015624649	-0.0227964229	-0.165041118	0.0373558553	-0.0742099193	-0.1168172427	0.1088228812	-0.0959017104	-0.103831	0.0061439999999999	0.010780876561	3.774873599999996e-05	0.0730274999999999	0.0173456999999999	0.0003008733084899	0.0053330157562499	-0.0554984	0.0009688999999999	0.00308007240256	9.387672099999898e-07	0.00263703	-0.00078593	6.176859649000004e-07	6.953927220899999e-06	0.0024178	0.0	5.845756839999999e-06	0.0	-0.0012532	6.902999999999987e-05	4.765140899999982e-09	1.5705102400000003e-06	0.0	0.0	0.0	0.0	0.0	0.0	0.0	0.0	0.0	0.0
271.3958394393941	0.3704701542785642	0.1372481352111831	73655.70166501337	319.1516695544879	0.9223775370367662	101857.78817941704	0.850780320830011	189.82162804779503	0.2132577114717264	36032.250474715445	0.0454788515021581	192.89075959128056	291.97789652711253	1.142052	24.019943	0.0311932	0.0191854	-0.0456506052	0.1919181583	0.054012426	0.0538571395	-0.1283799798	-0.0478078839	0.0794228372	-0.1101997457	0.051770475	0.0296182792	0.0346889354	0.1486837701	0.113196111	-0.0090047543	-0.0745772079	-0.0683452287	-0.0266108074	-0.1250003185	-0.0716335107	0.0793052593	-0.0255069226	0.0508983307	0.079980957	-0.0017509457	-0.0555282408	0.1868212882	0.1503210234	-0.0762656185	-0.0306567469	0.059230936	0.0223891722	0.0414779277	0.1116640819	0.0349660318	0.1812124075	0.0608932309	-0.1635306423	-0.1023799067	0.1145463173	0.0239628482	0.1021089183	-0.0570429659	-0.0042140414	0.1055410703	0.0789899821	-0.0531552534	0.1435440375	-0.0226380187	0.0735430404	0.122158301	0.0209675876	-0.0303688177	-0.0492095931	-0.031430176	-0.2043355642	0.0347961556	0.09612208	-0.0919551686	-0.0578311242	-0.0359900322	-0.0179930193	0.008288786	0.1270493749	0.0853719687	0.0628964683	-0.0274301213	0.074788609	-0.0367308492	-0.0091684157	-0.0881379224	-0.0059368463	-0.0809389041	-0.1946639274	0.0423528821	-0.1381545824	-0.0790998589	0.0091306725	-0.0082712528	0.0323355572	0.0142500964	0.1830969559	-0.1296425362	0.1080791196	-0.0339617031	-0.2014045098	0.0222077425	-0.0196057816	-0.068915524	-0.0257948511	-0.0234565588	-0.0164239469	-0.0551311967	0.0158638066	-0.1207579575	-0.1041423528	-0.0607187507	0.2172000891	0.0122093278	0.0071889182	-0.0121670815	0.0516817945	0.0472221993	0.1360020191	-0.0054092565	0.0629121759	-0.0801401378	-0.0443985106	-0.0715196633	-0.1684206979	-0.0466682276	-0.0185811843	-0.0105808119	-0.0397951355	0.023864551	-0.1661209883	-0.0821586226	-0.1172168365	0.0852993132	-0.0264237942	-0.0298115263	-0.1275267943	0.0916896853	0.0142408222	-0.0123955595	-0.0184457249	0.0875394886	0.0744075918	-0.0688074236	0.0389753958	-0.03212833	-0.1173552296	0.1109309587	-0.1004830656	-0.103817	1.4000000000000123e-05	0.010777969489	1.9600000000000343e-10	0.0558694	-0.0171580999999999	0.0002944003956099	0.00312138985636	-0.056674	-0.0011755999999999	0.003211942276	1.3820353599999973e-06	0.00269377	5.674e-05	3.2194276e-09	7.256396812899999e-06	0.0025546	0.0001368	6.525981160000001e-06	1.871424000000008e-08	-0.00118983	6.337000000000009e-05	4.015756900000012e-09	1.4156954289e-06	0.0	0.0	0.0	0.0	0.0	0.0	0.0	0.0	0.0	0.0
270.6070062676039	-0.788833171790202	0.6222577729165902	73228.151841115	318.6931250569303	-0.4585444975576251	101565.3079585522	0.2102630562403749	189.8220006177799	0.0003725699848757	36032.39191853644	1.388083936303399e-07	192.95195043164784	288.5774765234209	1.036831	21.806898	0.0695522	0.0320037	-0.0241161155	0.0860792012	0.1340012476	0.0471095938	-0.0105527689	-0.0216093027	-0.0833231552	-0.0571494899	0.0336879936	-0.0322692337	0.01717064	0.1108670209	0.083606558	0.0647052958	0.0726556887	-0.1402388107	-0.0206558612	0.0545381796	-0.0544597202	0.0321794848	-0.0217377243	-0.0509022234	0.084952184	-0.0597894127	-0.0250812412	-0.0990983626	-0.011519491	0.0611039638	0.1772566725	-0.0421244836	7.38939e-05	0.0104443193	-0.0318649553	0.077549098	0.0085105402	-0.0800964019	-0.0517191507	-0.0135159621	0.0037500519	-0.2768244861	0.0604958986	-0.0469355927	0.0434207139	0.1498966362	0.1493089348	-0.0153510279	0.0439981849	0.1042344328	0.000825179	-0.1885429829	-0.1521355974	-0.0082972995	-0.0241336734	0.0041623328	-0.0613445575	-0.0315611331	-0.0736413803	-0.0489661088	0.0320276693	-0.1026779413	-0.0123924034	-0.1384362682	0.0072001765	0.0536575655	0.0656173041	-0.0154648913	0.0586697861	-0.0215191734	-0.0777765177	0.0014505665	-0.0661697092	0.0630501868	0.0886415065	-0.0075615432	0.1186928379	-0.1099370697	-0.0358790172	0.0304053084	-0.1297981128	-0.0207642211	0.1160432234	-0.0319763425	-0.0991337806	-0.0390231672	-0.0443050671	0.0969902067	0.1230143821	0.2046782337	-0.0185352189	0.0818414562	-0.1254717055	0.0975987751	0.0846015688	-0.1255972614	-0.0929384685	0.1014995923	0.0097004372	0.1649851155	0.0450109449	-0.0825029468	0.0148764167	-0.0005220821	0.0147800013	0.0250276793	-0.0858427512	-0.0626405282	-0.0461465535	0.0608909496	-0.0870434316	-0.0057855533	-0.0785041484	0.0223520788	0.0570037948	-0.0335645353	-0.1255327129	-0.1097455158	-0.0561705549	-0.053737993	0.0236287336	-0.0289037918	0.0530482149	-0.0709433328	-0.1185858206	0.0414034508	-0.0221975595	-0.019381951	-0.0427253544	0.0058667828	0.0565114522	0.0358672622	-0.1178341246	0.112815636	-0.1046092073	-0.0945258	0.0092912	0.0089351268656399	8.632639744000025e-05	0.0348598	-0.0210095999999999	0.0004414032921599	0.00121520565604	-0.0433931	0.0132809	0.0018829611276099	0.00017638230481	0.00303633	0.00034256	1.173473536e-07	9.2192998689e-06	0.00270463	0.0001500299999999	7.3150234369e-06	2.2509000899999936e-08	-0.00116301	2.68200000000001e-05	7.193124000000053e-10	1.3525922600999995e-06	0.0	0.0	0.0	0.0	0.0	0.0	0.0	0.0	0.0	0.0
270.1238533791642	-0.4831528884396903	0.2334367136076158	72966.89616440819	317.93899124244166	-0.7541338144886254	101085.2021522614	0.5687178101551644	189.883325478079	0.061324860299095	36055.677294614085	0.0037607384907035	192.99109186468667	282.956131974452	1.012599	21.297239	0.0293745	0.0151221	-0.0275332519	-0.0364385901	0.0085442883	0.0249047972	0.0446913964	-0.032250941	-0.0227669724	0.0491842174	0.0171484663	-0.1613860047	-0.0450602453	0.0597203499	-0.0151092522	0.074664375	0.01545679	-0.0271205418	-0.1387053798	0.0955438062	-0.0305647915	0.0486763582	0.0371353527	0.0476332661	0.0133906369	0.0613196927	0.0697164377	0.0001506111	0.0014421484	-0.0736046626	-0.0236660529	0.0851895011	-0.0597912863	0.0374125371	-0.0682998752	-0.1082908347	-0.0485317687	-0.0848757987	-0.049234545	-0.0240667736	-0.0605525307	-0.0747078891	-0.0297787675	0.0400082789	-0.0287080476	0.059182833	0.0981815341	0.0074067256	0.0576333562	0.0979874325	-0.0563423028	-0.009810221	0.043416225	-0.0497890763	-0.0644061836	-0.0675584669	0.0782255915	-0.0230209864	-0.0562108644	0.0170171389	-0.0254860866	0.0453828166	0.2463872698	-0.0232227138	-0.1191575259	0.1111131323	0.0497640216	-0.0670824594	0.0114803691	-0.0899655053	0.0211273669	0.0354867709	0.0607643571	-0.057524395	-0.018709924	0.0332622193	0.0271957318	0.0415565576	0.0771864973	-0.0993077935	-0.021576788	0.0079286013	0.0237844203	0.1359976621	-0.0264674204	-0.0466289515	0.0062215873	0.0197452039	0.0373132717	0.1145658098	0.0523566098	-0.0839888143	0.0173573273	0.1621833954	0.1032166131	-0.0362637803	-0.0562598813	-0.0228150866	-0.0355993494	-0.0017269839	-0.0050708388	-0.0352693032	0.0111752118	0.0471816926	0.031891552	-0.005695802	0.0103622059	0.2123837731	-0.050532888	0.0373078849	0.0030374261	-0.0053282446	-0.1365788498	-0.0713572904	0.0749328879	0.0587395403	-0.0025390588	-0.0275876112	-0.0264229746	-0.0757543597	-0.0897189025	0.0410361658	-0.0288030468	-0.0077966735	0.0904462202	0.0608443682	-0.0074268134	0.11475977	0.008708813	-0.0355062628	0.0330466926	0.0098060474	-0.1182536866	0.1144731177	-0.1082614433	-0.0892116	0.0053141999999999	0.00795870957456	2.8240721639999907e-05	0.045975	0.0111151999999999	0.0001235476710399	0.002113700625	-0.0446712	-0.0012781	0.00199551610944	1.6335396100000108e-06	0.00306064	2.4310000000000043e-05	5.90976100000002e-10	9.3675172096e-06	0.00261665	-8.798000000000009e-05	6.846857222499999e-06	7.740480400000016e-09	-0.00104196	0.0001210499999999	1.4653102499999984e-08	1.0856806416e-06	0.0	0.0	0.0	0.0	0.0	0.0	0.0	0.0	0.0	0.0
269.83428193565976	-0.2895714435044283	0.0838516208932383	72810.53970773311	317.6344121484195	-0.3045790940221309	100891.61978087205	0.092768424515342	189.5201131201956	-0.3632123578834125	35917.873277091734	0.1319232169192281	192.6032197296023	280.5570663791592	1.116106	23.474232	0.09478542	0.0536493	0.0274441941	-0.0548036752	-0.1008596319	-0.0771580933	0.0234123007	0.018091201	0.1055549367	0.0380673161	-0.0363675765	0.0079126269	-0.0022042176	-0.1425936698	0.0416111758	0.0950954556	-0.0076825414	0.1079669767	-0.0564335497	-0.0483232515	-0.019009936	0.0249888019	0.011395916	-0.0786425852	-0.0759842967	-0.0245388528	0.0067801005	-0.0080257831	-0.047780052	0.0224682562	-0.0783164453	0.030620541	-0.0388155157	-0.1177297337	-0.1011596265	0.0981013009	0.2140833535	0.0635727424	0.0509727827	0.0266779182	-0.1730065813	-0.003055314	0.0896033549	-0.0718021361	0.0704394094	-0.1095950406	-0.1154096738	0.051814265	-0.2249225962	-0.0990786891	-0.0103928909	-0.0498424489	-0.0609210618	0.0443794248	0.1072118614	0.1749623444	0.0496208125	-0.0537094305	-0.0499885619	-0.0165425081	-0.0383739808	-0.0484656216	0.1568185243	0.1241966163	-0.0107740849	0.0091186213	0.0084081817	-0.0528314218	-0.014647083	0.1140642578	-0.0241657284	0.0662105795	0.001335242	-0.0071218473	0.0837813195	0.0427650508	-0.1119198719	-0.0405670809	0.019378673	-0.0245412982	-0.1511305447	0.0596313446	-0.0424150745	-0.0248399844	0.1914129143	0.0836999135	0.1227635544	-0.0558373423	0.0417476396	0.1356825945	-0.0931961264	0.1427457389	-0.0099169279	-0.2235788999	-0.1084135709	0.0348472108	0.1992697925	0.0388334879	-0.0922607169	0.0829668893	-0.0039802602	0.0859534662	-0.0449075333	-0.0791934059	-0.105672975	-0.0706688179	0.0230731728	0.0203612185	0.0121064981	-0.0220976429	0.1016403359	0.0672634024	-0.0841378151	-0.046493161	-0.1232349316	0.1777805647	-0.0787317279	-0.0204438222	-0.0536979463	-0.0966601951	-0.0144345849	-0.0689059764	0.1231610084	-0.081190126	-0.0228985807	-0.0109528086	-0.0548400868	0.0202094386	-0.1206277219	0.1223720432	0.058570043	-0.0540903396	-0.1186137044	0.1159000657	-0.1114232278	-0.0876549999999999	0.0015566000000001	0.0076833990249999	2.423003560000318e-06	0.0619027	0.0159276999999999	0.0002536916272899	0.00383194426729	-0.00828183	0.03638937	6.858870814890001e-05	0.0013241862489969	0.00254924	-0.0005114	2.6152996e-07	6.4986245776e-06	0.00275502	0.00013837	7.5901352004e-06	1.9146256900000022e-08	-0.0008734949999999	0.000168465	2.8380456225033688e-08	7.629935150248253e-07	0.0	0.0	0.0	0.0	0.0	0.0	0.0	0.0	0.0	0.0
269.6590773583349	-0.1752045773248483	0.0306966439155787	72716.01800174845	317.24688294257885	-0.3875292058406785	100645.58473678232	0.1501788853795069	189.37590440677923	-0.1442087134163614	35863.233169885585	0.0207961530252022	192.50693734639	280.6909432944605	1.182227	24.864901	0.0675429	0.0339546	0.0002343987	-0.0252251005	0.0406773408	-0.0191329445	-0.1406247634	0.0078367495	0.0170601312	-0.0863998602	-0.0284367273	-0.0044804671	0.1444535622	0.0650777328	-0.0157673728	-0.0837342864	0.0385505568	-0.075771101	0.0735206101	-0.0649870044	-0.0278308216	-0.0342640541	0.0573805789	0.0961992614	0.1484985676	-0.1068051555	-0.0267750443	0.0112368307	-0.0317960176	-0.0172755853	0.1223889258	0.0815712385	-0.0862950598	-0.0754796595	0.0019921875	0.0693333402	-0.0724668187	0.1248295228	-0.2001422033	-0.0690053655	0.1064313372	-0.0749955557	-0.0974518701	0.0398283934	0.14637313	-0.14195907	0.022039931	-0.0669162214	-0.0339709719	-0.144678955	-0.0316219292	0.0082251021	-0.0392210214	-0.0357913396	0.0401843756	0.005052333	0.0355235157	0.1065625901	0.2092293402	-0.0526782854	0.08535435	0.0223401091	-0.0520424247	-0.0324227783	0.1238240886	-0.0038829736	0.0330700874	0.0179014035	-0.0531126036	-0.1636093243	-0.0280355134	-0.0781011804	-0.1067400996	-0.0740450734	0.0153147487	0.0310334098	0.1180642387	-0.0571991802	0.0824443689	0.0603931308	-0.0493809166	0.0018968248	-0.0414912739	-0.0732356646	0.0560253109	-0.2090661068	-0.1394225815	0.0072050666	0.1350166671	-0.1666536576	-0.145565278	-0.0122638626	0.0500557873	-0.0960955793	0.0416910811	0.0383033573	-0.0443024844	0.0231411874	-0.0360008458	0.0059495392	-0.070901548	0.0580653928	0.0785775058	-0.1213650483	0.0756118141	-0.0219394838	0.0083375608	-0.1473685057	-0.0109767212	-0.0278187632	-0.154605063	0.0624510872	-0.0388133234	0.02133441	-0.0495571223	0.0074364797	-0.0939636189	-0.041776477	-0.008686859	-0.2256008392	-0.0436599099	-0.1005910858	0.1262861387	0.0531312047	0.1588828669	-0.1065810914	0.0751009396	0.0428894024	-0.0711956877	0.1065835849	0.0002704321	0.0456958686	-0.1189139965	0.1170936064	-0.1140802373	-0.0975214	-0.0098664	0.0095104234579599	9.734584896000186e-05	0.0378704	-0.0240323	0.00057755144329	0.0014341671961599	0.00752212	0.01580395	5.65822892944e-05	0.0002497648356025	0.00265997	0.00011073	1.2261132900000064e-08	7.075440400900001e-06	0.00276544	1.0420000000000134e-05	7.6476583936e-06	1.085764000000028e-10	-0.00110915	-0.000235655	5.553327902504711e-08	1.2302137224999998e-06	0.0	0.0	0.0	0.0	0.0	0.0	0.0	0.0	0.0	0.0
268.9960684359133	-0.6630089224216249	0.4395808312106842	72358.88483397855	316.2588496662782	-0.988033276300655	100019.65999223756	0.9762097550774064	189.1718596735809	-0.2040447331983159	35785.99249236099	0.0416342531459719	192.23233761150664	276.9166678773481	1.106956	23.281794	0.07142062	0.040674	0.042481126	-0.1555114318	0.0267500703	-0.0029595437	0.0027045536	0.0512779235	-0.108853597	0.0598345815	-0.0579600307	-0.1333252081	0.0634033896	-0.0083245388	0.0369337346	0.0456829532	0.0874328005	-0.0202596297	0.0340830885	0.1159507289	0.0256536528	-0.0855308977	0.1623406626	0.0723714882	0.0106123074	0.0124140147	-0.1070074503	-0.0837997962	-0.1519625829	0.0956826368	-0.0053803008	-0.0400985286	0.0943996428	-0.1382841846	0.1224790044	-0.1888870012	0.0879841625	-0.0236395368	-0.0967145398	0.104201331	0.124251458	-0.0001277826	-0.0317416556	0.055304024	0.0526740607	-0.095187023	-0.0349254692	-0.0143775375	0.0588536446	-0.021157303	0.0729740321	0.0883097673	0.1633252897	0.0358235325	0.0130573053	-0.034205905	0.0054980688	-0.0023959476	0.1648295411	0.004147435	0.0432498841	-0.1804015734	-0.0346358282	-0.0840389796	-0.0850272237	-0.058913125	-0.0237876223	-0.0095766671	-0.1650323566	-0.05323726	0.0666057054	-0.0995760148	-0.0107511792	0.0776271312	0.153203716	0.0322143671	-0.1134566106	-0.1734638552	-0.1048109532	0.1791998081	0.0309795075	0.0094710591	0.0530698061	0.0993958609	-0.0106415086	-0.0473975401	-0.0265695884	-0.0127187464	0.0875805245	-0.1469460932	-0.0581037587	-0.0074612794	0.1062265365	0.0284331526	-0.0489786869	0.0380033207	-0.0030176605	-0.078299373	0.0450587746	-0.2182507795	-0.0023474393	-0.0023909064	-0.0277000436	-0.0493385197	0.073947194	-0.0449216779	0.0243321568	0.0443549131	-0.030488594	0.0923058823	0.0167345499	0.0865930311	-0.1354297	-0.0581768243	0.0762255051	0.0177452299	-0.0439900657	0.0336212651	-0.0183987121	-0.1709782376	-0.0370571599	0.0808754055	0.1272164428	-0.1372411704	0.001034579	-0.0391507489	-0.0690605709	-0.0196399104	0.0929430407	0.0985485763	-0.0012799819	0.0612528121	-0.1191544118	0.1180513362	-0.1162204348	-0.0983039	-0.0007825	0.00966365675521	6.123062500000084e-07	0.0587388	0.0208684	0.00043549011856	0.00345024662544	-0.0175381	-0.02506022	0.00030758495161	0.0006280146264484	0.00304332	0.0003833499999999	1.469572224999998e-07	9.2617966224e-06	0.0026546	-0.00011084	7.04690116e-06	1.2285505600000016e-08	-0.00110915	0.0	0.0	1.2302137224999998e-06	0.0	0.0	0.0	0.0	0.0	0.0	0.0	0.0	0.0	0.0
269.97069520041714	0.9746267645038528	0.9498973300872487	72884.17626699654	316.6869931138795	0.4281434476013146	100290.65160751036	0.1833068117239396	189.4647499764428	0.2928903028618776	35896.891483635976	0.0857847295105224	192.47782676766468	279.3522707324917	1.079661	22.707708	0.0599365	0.0299057	-0.0207381976	-0.0820267032	-0.091794312	-0.0470644493	-0.0285536174	-0.0279498283	0.0830538088	0.1100767131	-0.0659553252	-0.0931449196	0.0087259721	-0.0777607078	-0.067429749	0.0914151891	-0.1401160562	0.1278872248	-0.0726052223	-0.0220444081	-0.0454291695	0.0197640299	0.0591153636	-0.0402180017	-0.1607466362	0.0023186053	-0.0459944443	0.0718804624	0.0038669293	0.1696655096	0.0980467391	0.1452166575	-0.0388579266	-0.1218784786	-0.0742227331	0.1538646931	-0.0491166838	-0.0966677873	0.0373157378	-0.077963485	0.0870149703	0.0726005092	0.1531009202	-0.0360489455	-0.0198104633	-0.0174672924	0.0681763091	-0.0672516798	-0.0258025015	0.0537604965	0.092989112	-0.0681922566	0.0726743627	-0.0487074208	-0.0394357258	0.0637236629	-0.0244343469	0.0495573879	-0.0050659864	0.1021925907	0.0962399084	0.0746519504	0.1411436382	0.1368959075	-0.0680435673	0.0066389491	0.0409116878	-0.0274837442	-0.0316709443	0.1881154647	0.0706457584	-0.0701178654	-0.0223798476	-0.028533362	-0.0171721264	-0.104046845	0.0545398341	-0.1754870647	0.1416339645	-0.0096994026	-0.1299826815	0.1012055665	-0.0957845938	-0.0290524713	-0.0400443411	0.0478534596	-0.0361248331	0.0818361044	-0.0573893473	-0.0691692673	0.125320419	0.0828164029	0.1037312463	-0.0305998051	-0.0791320178	-0.139718675	-0.0623160963	0.1528263323	0.0040500111	-0.0160041527	0.0179770387	0.011377577	-0.078560143	0.0290473543	0.0447414874	0.0966579073	0.0453975162	0.1228753095	-0.0316809059	-0.0226947246	0.066438366	0.0124484944	-0.0908050432	-0.0508245781	-0.1031294804	0.1472521102	-0.0491861305	0.059723651	0.0120846644	-0.0226190215	-0.1059088919	0.0136733535	0.104854775	0.0311727549	0.0418247059	-0.1115159626	-0.0573567159	-0.102005584	0.069087084	-0.0865537986	-0.138764996	0.0049734678	-0.1193348294	0.1187713263	-0.1178341246	-0.0886277	0.0096761999999999	0.00785486920729	9.362884643999992e-05	0.0739308	0.015192	0.000230796864	0.00546576318864	-0.0291719	-0.0116338	0.00085099974961	0.00013534530244	0.00260762	-0.0004356999999999	1.8983448999999985e-07	6.799682064400001e-06	0.00262161	-3.29900000000001e-05	6.8728389921e-06	1.0883401000000066e-09	-0.00110915	0.0	0.0	1.2302137224999998e-06	0.0	0.0	0.0	0.0	0.0	0.0	0.0	0.0	0.0	0.0
270.4894247952782	0.5187295948610426	0.2690803925847014	73164.52892608046	318.32561697340884	1.638623859529332	101331.1984215014	2.685088153018804	189.6821620595701	0.2174120831273001	35979.32260359301	0.047268013889752	192.8129519097128	285.9208108740338	1.162712	24.45446	0.0480417	0.0231169	-0.0012341574	0.0619102377	0.082411609	-0.0297261227	-0.1213032727	-0.0045358587	0.045442014	-0.0817996113	0.0195174022	-0.0073490707	0.0675713615	0.1209007769	0.0063116668	-0.0410840849	-0.1054805019	-0.0872724766	0.0013107832	-0.0856208419	-0.0100223524	0.0732427371	-0.0433319537	0.0759007355	0.0583467273	0.0169067602	0.0604720816	0.1004702975	-0.0374219474	0.0247729388	0.0637865753	0.011926512	-0.0473322866	-0.1697473614	-0.0460109025	-0.0598163824	-0.0289672911	-0.0660854484	0.0613842805	-0.0672929502	-0.0664138182	0.0493486352	0.0218462318	-0.0865162175	-0.1510212552	-0.0836238173	0.1352474276	-0.0743022066	-0.0712826252	-0.0059087939	-0.0163176074	0.0004446011	0.091327536	-0.0592942368	-0.0367316522	0.131826992	0.0577349493	-0.0741443811	0.141447828	-0.0147509333	0.0553719264	-0.1025852859	-0.1135006681	-0.0230705092	0.1085551184	0.0663273616	0.0124878656	-0.0095485131	0.0880770671	-0.0991338632	0.0093778213	-0.0308238672	0.005136232	-0.0991455279	-0.0447456223	-0.0498575326	0.0281053741	-0.0577554016	0.0327753036	0.0552425615	-0.0668583574	0.1403299932	-0.0495041567	0.0288030886	0.0969119285	-0.0574690745	0.1156591563	0.0595137662	0.0165469509	-0.0171255039	0.1465181512	-0.05962697	0.1676030575	0.0351403966	-0.0228444395	-0.01444323	-0.0385689676	0.0557963403	0.0085515004	-0.0765708579	-0.1450770353	-0.0244898304	-0.1952148814	-0.0574023415	0.0299316575	-0.0454388231	-0.0545205176	0.0294594332	-0.0081553176	-0.0077210546	-0.1507377016	0.0446650837	-0.0270967401	0.0199740681	-0.0209596559	-0.0115081515	-0.1023825746	-0.0041764488	-0.0777530723	-0.1178151865	-0.0318366966	-0.0116758307	0.018618292	0.025297937	0.1836429622	-0.0688369773	0.0755328503	-0.0029920923	-0.0512153127	0.0918390791	-0.0131245463	-0.010308516	-0.1194551582	0.1192521267	-0.1189139965	-0.0851569999999999	0.0034707000000001	0.0072517146489999	1.2045758490000724e-05	0.061372	-0.0125588	0.00015772345744	0.003766522384	-0.0115714	0.0176004999999999	0.00013389729796	0.0003097776002499	0.00276766	0.0001600399999999	2.5612801599999923e-08	7.659941875599999e-06	0.00260424	-1.737000000000006e-05	6.7820659776e-06	3.0171690000000203e-10	-0.000998326	0.000110824	1.2281958976000009e-08	9.966548022759998e-07	0.0	0.0	0.0	0.0	0.0	0.0	0.0	0.0	0.0	0.0
269.9745974755806	-0.5148273196975879	0.2650471691070024	72886.28328210177	317.56988009284527	-0.7557368805635747	100850.62874218413	0.5711382326439628	189.8992655305812	0.2171034710111143	36061.731049054186	0.0471339171250737	192.9827212051186	282.3527021144069	1.012747	21.300364	0.0775618499999999	0.0547157	-0.0248558372	-0.0498742726	0.030802118	-0.0439502046	0.0363033731	-0.019802868	-0.0663417846	0.0326135106	-0.0073465435	-0.0853933894	-0.0045603596	0.0262859863	0.0200541463	0.0582606696	0.0649712442	-0.0669502864	-0.0967787591	0.0738337575	-0.0042944726	0.0806034268	0.0529872558	0.0358473484	0.0067966067	0.010305102	0.1468133721	0.0093917418	-0.0771712937	-0.0332774588	-0.0561033277	-0.0637237984	0.0547807372	-0.0555724234	-0.0193419605	-0.0512971939	-0.0119963554	-0.0781472944	0.1112292509	0.0177457797	-0.0596542257	0.0175496701	0.0865932737	-0.0816274283	-0.0227778731	-0.0557027403	0.0859507805	0.0820998441	0.0311200692	-0.1070979637	-0.0706287377	-0.0489827895	0.1324979002	0.0156950794	0.1392696252	-0.0978575938	0.0251070483	-0.0386501656	-0.0804002715	0.0077361655	0.0444485053	0.0819452728	-0.2059806627	-0.0682433096	-0.0641245411	0.0874684765	0.019785407	-0.1013290645	0.0234242982	-0.0728477935	0.0041685107	0.0783554115	0.0171923096	-0.0576841188	0.0497676842	0.0035318057	-0.0443925907	0.0313397385	-0.0789625566	-0.0270117796	-0.0142615817	0.1164496833	-0.0356176901	0.0610685677	-0.0029793933	0.0232056002	0.1082912739	0.0736173655	-0.0138103167	0.0463349607	0.1075362486	0.0272157543	0.1161972418	-0.0086970017	0.1051151778	-0.0362212416	0.1278941995	0.0104618867	0.0434411308	-0.1034220068	0.0806516161	-0.029392458	0.0842549893	-0.0448919639	-0.0733457367	-0.0322030049	-0.098306847	0.0275860553	-0.0533240128	0.0555616984	0.0176682527	0.0102142718	-0.0857425062	-0.0225497321	0.0843089318	0.0042154609	0.0215190037	-0.008060572	-0.0586657344	-0.102077388	0.0043673432	0.0541277765	-0.0638035385	-0.0751158629	0.0524266001	-0.0052037866	0.0625259279	-0.0419581712	-0.037616457	0.0195479327	0.0436896779	0.0630822806	-0.1195153378	0.1194927693	-0.1194551582	-0.0811308	0.0040261999999998	0.00658220670864	1.6210286439999167e-05	0.0633203	0.0019482999999999	3.795872889999973e-06	0.00400946039209	-0.0423456	-0.0307741999999999	0.0017931498393599	0.0009470513856399	0.00351321	0.00074555	5.558448025000003e-07	1.23426445041e-05	0.0026598	5.556000000000007e-05	7.074536039999999e-06	3.0869136000000082e-09	-0.000983173	1.5152999999999956e-05	2.2961340899999862e-10	9.666291479289998e-07	0.0	0.0	0.0	0.0	0.0	0.0	0.0	0.0	0.0	0.0
